time,datetime,step,global_step,loss,accuracy,examples_sec,sec_batch,duration,cpu,mem,net_usage
1627091136.116659,2021-07-23 21:45:36.116668,0,0,0.89,0.047,2.0,62.565,62.565,0.000,592.684,196.235
1627091186.873145,2021-07-23 21:46:26.873154,1,1,0.79,0.078,2.5,50.756,50.756,261.300,655.695,196.235
1627091238.6705103,2021-07-23 21:47:18.670518,2,1,0.79,0.086,2.5,51.797,51.797,287.400,661.395,196.235
1627091288.8098006,2021-07-23 21:48:08.809809,3,1,0.79,0.102,2.6,50.139,50.139,279.500,720.688,196.235
1627091338.1335547,2021-07-23 21:48:58.133563,4,1,0.79,0.086,2.6,49.323,49.323,273.000,722.242,196.235
1627091427.981961,2021-07-23 21:50:27.982015,5,1,0.79,0.109,1.4,89.848,89.848,192.400,743.176,196.235
1627091511.752238,2021-07-23 21:51:51.752247,6,3,0.67,0.141,1.5,83.770,83.770,176.700,746.719,196.235
1627091593.9833722,2021-07-23 21:53:13.983380,7,5,0.60,0.078,1.6,82.231,82.231,176.000,768.660,196.235
1627091677.8260732,2021-07-23 21:54:37.826081,8,7,0.56,0.125,1.5,83.842,83.842,176.300,761.016,196.235
1627091759.8307414,2021-07-23 21:55:59.830750,9,9,0.54,0.141,1.6,82.004,82.004,176.500,762.609,196.235
1627091843.500767,2021-07-23 21:57:23.500775,10,11,0.54,0.148,1.5,83.670,83.670,179.800,775.543,196.235
1627091926.4172866,2021-07-23 21:58:46.417294,11,13,0.53,0.125,1.5,82.916,82.916,174.400,773.355,196.235
1627092009.2809083,2021-07-23 22:00:09.280917,12,15,0.53,0.133,1.5,82.863,82.863,179.600,773.082,196.235
1627092091.5045106,2021-07-23 22:01:31.504519,13,17,0.52,0.133,1.6,82.223,82.223,175.900,779.996,196.235
1627092174.6577046,2021-07-23 22:02:54.657714,14,19,0.52,0.047,1.5,83.153,83.153,173.800,782.223,196.235
1627092260.3247545,2021-07-23 22:04:20.324764,15,21,0.52,0.094,1.5,85.667,85.667,178.700,782.238,196.235
1627092348.1281278,2021-07-23 22:05:48.128136,16,23,0.52,0.117,1.5,87.803,87.803,162.900,794.418,196.235
1627092430.980409,2021-07-23 22:07:10.980417,17,25,0.52,0.117,1.5,82.851,82.851,173.200,787.762,196.235
1627092512.621184,2021-07-23 22:08:32.621192,18,27,0.52,0.109,1.6,81.640,81.640,174.800,789.586,196.235
1627092594.351578,2021-07-23 22:09:54.351586,19,29,0.52,0.078,1.6,81.730,81.730,177.900,792.008,196.235
1627092676.0282006,2021-07-23 22:11:16.028209,20,31,0.52,0.133,1.6,81.676,81.676,178.500,795.750,196.235
1627092759.4516733,2021-07-23 22:12:39.451682,21,33,0.52,0.062,1.5,83.423,83.423,172.900,800.820,196.235
1627092841.9554522,2021-07-23 22:14:01.955460,22,35,0.52,0.094,1.6,82.503,82.503,176.500,800.102,196.235
1627092923.40747,2021-07-23 22:15:23.407478,23,37,0.52,0.109,1.6,81.452,81.452,176.200,805.770,196.235
1627093006.8961127,2021-07-23 22:16:46.896121,24,39,0.52,0.078,1.5,83.488,83.488,178.400,802.785,196.235
1627093092.3568137,2021-07-23 22:18:12.356822,25,41,0.52,0.094,1.5,85.460,85.460,173.800,816.137,196.235
1627093175.3380349,2021-07-23 22:19:35.338043,26,43,0.52,0.086,1.5,82.981,82.981,172.200,818.430,196.235
1627093256.22495,2021-07-23 22:20:56.224958,27,45,0.52,0.102,1.6,80.887,80.887,178.900,813.227,196.235
1627093338.860686,2021-07-23 22:22:18.860695,28,47,0.52,0.047,1.5,82.635,82.635,176.900,813.273,196.235
1627093421.195055,2021-07-23 22:23:41.195064,29,49,0.52,0.070,1.6,82.334,82.334,177.800,812.883,196.235
1627093503.5199935,2021-07-23 22:25:03.520002,30,51,0.52,0.094,1.6,82.325,82.325,179.300,820.555,196.235
1627093588.0592003,2021-07-23 22:26:28.059208,31,53,0.52,0.117,1.5,84.539,84.539,169.900,828.664,196.235
1627093669.6300192,2021-07-23 22:27:49.630030,32,55,0.52,0.086,1.6,81.570,81.570,176.900,821.152,196.235
1627093751.7013783,2021-07-23 22:29:11.701387,33,57,0.52,0.141,1.6,82.071,82.071,178.100,816.008,196.235
1627093834.7448835,2021-07-23 22:30:34.744893,34,59,0.52,0.062,1.5,83.043,83.043,179.400,821.617,196.235
1627093919.1678264,2021-07-23 22:31:59.167834,35,61,0.52,0.102,1.5,84.423,84.423,174.300,824.332,196.235
1627094001.0227466,2021-07-23 22:33:21.022755,36,63,0.52,0.086,1.6,81.855,81.855,178.900,832.172,196.235
1627094084.8903177,2021-07-23 22:34:44.890326,37,65,0.52,0.125,1.5,83.867,83.867,173.200,818.430,196.235
1627094167.1488373,2021-07-23 22:36:07.148846,38,67,0.52,0.133,1.6,82.258,82.258,178.100,830.668,196.235
1627094251.6990058,2021-07-23 22:37:31.699014,39,69,0.52,0.070,1.5,84.550,84.550,175.100,824.984,196.235
1627094331.4347634,2021-07-23 22:38:51.434772,40,71,0.52,0.070,1.6,79.735,79.735,173.700,827.402,196.235
1627094415.4965694,2021-07-23 22:40:15.496578,41,73,0.52,0.086,1.5,84.061,84.061,183.800,831.035,196.235
1627094500.4750552,2021-07-23 22:41:40.475063,42,75,0.52,0.094,1.5,84.978,84.978,168.700,828.668,196.235
1627094582.9669187,2021-07-23 22:43:02.966927,43,77,0.52,0.070,1.6,82.492,82.492,176.700,831.938,196.235
1627094667.3368316,2021-07-23 22:44:27.336840,44,79,0.52,0.062,1.5,84.370,84.370,175.200,830.367,196.235
1627094750.135017,2021-07-23 22:45:50.135026,45,81,0.52,0.141,1.5,82.798,82.798,177.500,828.777,196.235
1627094834.2469432,2021-07-23 22:47:14.246952,46,83,0.52,0.117,1.5,84.112,84.112,176.700,829.535,196.235
1627094920.2241528,2021-07-23 22:48:40.224161,47,85,0.52,0.125,1.5,85.977,85.977,168.800,830.848,196.235
1627095002.1741333,2021-07-23 22:50:02.174142,48,87,0.52,0.078,1.6,81.950,81.950,174.800,830.957,196.235
1627095087.0461922,2021-07-23 22:51:27.046201,49,89,0.52,0.062,1.5,84.872,84.872,173.900,826.789,196.235
1627095172.6008072,2021-07-23 22:52:52.600815,50,91,0.52,0.086,1.5,85.554,85.554,168.300,827.953,196.235
1627095257.7888472,2021-07-23 22:54:17.788854,51,93,0.52,0.078,1.5,85.188,85.188,177.500,830.059,196.235
1627095342.0119298,2021-07-23 22:55:42.011938,52,95,0.52,0.094,1.5,84.223,84.223,199.300,829.059,196.335
1627095424.640815,2021-07-23 22:57:04.640823,53,97,0.52,0.070,1.5,82.629,82.629,205.300,827.699,196.335
1627095515.7509139,2021-07-23 22:58:35.750922,54,99,0.52,0.125,1.4,91.110,91.110,199.500,819.820,196.335
1627095598.91523,2021-07-23 22:59:58.915238,55,101,0.52,0.117,1.5,83.164,83.164,194.700,828.617,196.335
1627095684.9410272,2021-07-23 23:01:24.941035,56,103,0.52,0.094,1.5,86.025,86.025,201.800,820.699,196.335
1627095766.1158812,2021-07-23 23:02:46.115889,57,105,0.52,0.078,1.6,81.174,81.174,199.200,826.176,196.335
1627095849.5795758,2021-07-23 23:04:09.579581,58,107,0.52,0.117,1.5,83.463,83.463,205.700,828.914,196.335
1627095934.1845334,2021-07-23 23:05:34.184543,59,109,0.52,0.133,1.5,84.605,84.605,205.300,830.906,196.335
1627096017.431811,2021-07-23 23:06:57.431819,60,111,0.52,0.078,1.5,83.247,83.247,202.200,824.488,196.335
1627096099.972558,2021-07-23 23:08:19.972566,61,113,0.52,0.070,1.6,82.540,82.540,207.100,824.066,196.335
1627096184.3197308,2021-07-23 23:09:44.319739,62,115,0.52,0.086,1.5,84.347,84.347,207.600,825.484,196.335
1627096266.0912943,2021-07-23 23:11:06.091303,63,117,0.52,0.078,1.6,81.771,81.771,202.700,825.555,196.335
1627096346.3774867,2021-07-23 23:12:26.377494,64,119,0.52,0.078,1.6,80.286,80.286,211.800,824.465,196.335
1627096431.35267,2021-07-23 23:13:51.352677,65,121,0.52,0.086,1.5,84.975,84.975,206.500,822.227,196.335
1627096514.9028692,2021-07-23 23:15:14.902878,66,123,0.52,0.070,1.5,83.550,83.550,201.900,823.723,196.335
1627096603.1750658,2021-07-23 23:16:43.175074,67,125,0.52,0.086,1.5,88.272,88.272,204.000,825.113,196.335
1627096686.8410625,2021-07-23 23:18:06.841070,68,127,0.52,0.125,1.5,83.666,83.666,193.600,827.812,196.335
1627096773.8262851,2021-07-23 23:19:33.826294,69,129,0.52,0.062,1.5,86.985,86.985,200.100,825.469,196.335
1627096857.4221973,2021-07-23 23:20:57.422205,70,131,0.52,0.133,1.5,83.596,83.596,198.700,824.539,196.335
