time,datetime,step,global_step,loss,examples_sec,sec_batch,duration,cpu,mem,net_usage
1625584719.7910206,2021-07-06 11:18:39.791028,0,0,0.89,3.7,34.776,34.776,0.000,479.781,1342.081
1625584747.2923632,2021-07-06 11:19:07.292370,1,1,0.82,4.7,27.501,27.501,346.300,509.406,1342.081
1625584772.9697826,2021-07-06 11:19:32.969789,2,1,0.82,5.0,25.677,25.677,376.600,537.695,1342.081
1625584798.580283,2021-07-06 11:19:58.580290,3,1,0.82,5.0,25.610,25.610,377.000,542.711,1342.081
1625584824.5353572,2021-07-06 11:20:24.535364,4,1,0.82,4.9,25.955,25.955,366.500,549.188,1342.081
1625584849.68225,2021-07-06 11:20:49.682256,5,1,0.82,5.1,25.147,25.147,384.400,567.512,1342.081
1625584874.9845219,2021-07-06 11:21:14.984528,6,1,0.82,5.1,25.302,25.302,376.200,584.363,1342.081
1625584907.6429672,2021-07-06 11:21:47.642974,7,2,0.77,3.9,32.658,32.658,294.300,600.473,1342.081
1625584944.3969007,2021-07-06 11:22:24.396908,8,3,0.73,3.5,36.754,36.754,266.800,612.215,1342.081
1625584978.460636,2021-07-06 11:22:58.460642,9,4,0.69,3.8,34.063,34.063,282.100,613.590,1342.081
1625585013.7320054,2021-07-06 11:23:33.732013,10,5,0.66,3.6,35.271,35.271,272.100,613.637,1342.081
1625585048.0178385,2021-07-06 11:24:08.017846,11,6,0.64,3.7,34.286,34.286,285.700,613.387,1342.081
1625585083.8280025,2021-07-06 11:24:43.828010,12,7,0.62,3.6,35.810,35.810,276.500,622.621,1342.081
1625585117.4169612,2021-07-06 11:25:17.416968,13,8,0.60,3.8,33.589,33.589,291.400,622.719,1342.081
1625585152.121705,2021-07-06 11:25:52.121709,14,9,0.59,3.7,34.704,34.704,283.300,633.082,1342.081
1625585187.3739214,2021-07-06 11:26:27.373928,15,10,0.58,3.6,35.252,35.252,278.500,634.887,1342.081
1625585222.4747317,2021-07-06 11:27:02.474738,16,11,0.57,3.6,35.101,35.101,276.700,636.527,1342.081
1625585256.8086848,2021-07-06 11:27:36.808692,17,12,0.56,3.7,34.334,34.334,273.200,640.914,1342.081
1625585291.4338953,2021-07-06 11:28:11.433902,18,13,0.55,3.7,34.625,34.625,272.200,644.039,1342.081
1625585327.3423035,2021-07-06 11:28:47.342307,19,14,0.55,3.6,35.908,35.908,266.600,650.164,1342.081
1625585361.3517752,2021-07-06 11:29:21.351782,20,15,0.54,3.8,34.009,34.009,270.500,652.461,1342.081
1625585395.5522842,2021-07-06 11:29:55.552290,21,16,0.54,3.7,34.200,34.200,267.900,653.379,1342.081
1625585428.750594,2021-07-06 11:30:28.750598,22,17,0.54,3.9,33.198,33.198,287.500,653.695,1342.081
1625585464.4022636,2021-07-06 11:31:04.402271,23,18,0.53,3.6,35.651,35.651,273.500,655.227,1342.081
1625585498.1701162,2021-07-06 11:31:38.170123,24,19,0.53,3.8,33.768,33.768,287.800,655.176,1342.081
1625585532.3819697,2021-07-06 11:32:12.381976,25,20,0.53,3.7,34.212,34.212,284.700,652.562,1342.081
1625585566.738136,2021-07-06 11:32:46.738143,26,21,0.53,3.7,34.356,34.356,281.300,652.695,1342.081
1625585600.3775814,2021-07-06 11:33:20.377589,27,22,0.53,3.8,33.639,33.639,284.900,653.066,1342.081
1625585634.3283377,2021-07-06 11:33:54.328345,28,23,0.53,3.8,33.950,33.950,285.300,656.102,1342.081
1625585667.7543824,2021-07-06 11:34:27.754389,29,24,0.53,3.8,33.426,33.426,284.100,654.445,1342.081
1625585702.1651433,2021-07-06 11:35:02.165150,30,25,0.53,3.7,34.410,34.410,273.700,654.426,1342.081
1625585735.62937,2021-07-06 11:35:35.629377,31,26,0.53,3.8,33.464,33.464,275.700,656.027,1342.081
1625585769.6628978,2021-07-06 11:36:09.662901,32,27,0.52,3.8,34.033,34.033,276.200,656.617,1342.081
1625585803.638338,2021-07-06 11:36:43.638345,33,28,0.52,3.8,33.975,33.975,284.700,654.203,1342.081
1625585838.1502244,2021-07-06 11:37:18.150232,34,29,0.52,3.7,34.512,34.512,207.800,651.266,1342.081
1625585871.8208065,2021-07-06 11:37:51.820813,35,30,0.52,3.8,33.670,33.670,229.600,659.719,1342.081
1625585905.581614,2021-07-06 11:38:25.581622,36,31,0.52,3.8,33.761,33.761,281.600,656.164,1342.081
1625585939.9168134,2021-07-06 11:38:59.916820,37,32,0.52,3.7,34.335,34.335,249.600,653.801,1342.081
1625585974.5692956,2021-07-06 11:39:34.569302,38,33,0.52,3.7,34.652,34.652,261.000,658.547,1342.081
1625586009.0004094,2021-07-06 11:40:09.000412,39,34,0.52,3.7,34.431,34.431,258.800,657.406,1342.081
1625586043.6811092,2021-07-06 11:40:43.681113,40,35,0.52,3.7,34.681,34.681,251.600,664.363,1342.107
1625586077.6715436,2021-07-06 11:41:17.671550,41,36,0.52,3.8,33.990,33.990,255.400,658.828,1342.107
1625586111.629034,2021-07-06 11:41:51.629041,42,37,0.52,3.8,33.957,33.957,256.900,659.773,1342.107
1625586146.3902614,2021-07-06 11:42:26.390268,43,38,0.52,3.7,34.761,34.761,251.800,659.117,1342.107
1625586182.82039,2021-07-06 11:43:02.820394,44,39,0.52,3.5,36.430,36.430,238.200,661.203,1342.107
1625586218.0855877,2021-07-06 11:43:38.085594,45,40,0.52,3.6,35.265,35.265,244.900,660.922,1342.107
1625586252.9943852,2021-07-06 11:44:12.994391,46,41,0.52,3.7,34.908,34.908,249.600,659.316,1342.107
1625586288.7078927,2021-07-06 11:44:48.707900,47,42,0.52,3.6,35.713,35.713,243.300,663.043,1342.107
1625586323.7584262,2021-07-06 11:45:23.758432,48,43,0.52,3.7,35.050,35.050,249.900,661.441,1342.107
1625586358.6708748,2021-07-06 11:45:58.670882,49,44,0.52,3.7,34.912,34.912,248.900,660.379,1342.107
1625586394.9939375,2021-07-06 11:46:34.993943,50,45,0.52,3.5,36.323,36.323,237.300,660.477,1342.107
1625586428.9617572,2021-07-06 11:47:08.961764,51,46,0.52,3.8,33.968,33.968,256.800,662.973,1342.107
1625586463.4781122,2021-07-06 11:47:43.478118,52,47,0.52,3.7,34.516,34.516,250.000,657.250,1342.107
1625586497.1487896,2021-07-06 11:48:17.148797,53,48,0.52,3.8,33.670,33.670,259.000,657.043,1342.107
1625586531.7042365,2021-07-06 11:48:51.704241,54,49,0.52,3.7,34.555,34.555,248.100,658.223,1342.107
1625586568.0786965,2021-07-06 11:49:28.078700,55,50,0.52,3.5,36.374,36.374,238.700,660.027,1342.107
1625586602.5531492,2021-07-06 11:50:02.553155,56,51,0.52,3.7,34.474,34.474,253.200,660.840,1342.107
1625586638.5332954,2021-07-06 11:50:38.533299,57,52,0.52,3.6,35.980,35.980,241.300,660.008,1342.107
1625586672.7032251,2021-07-06 11:51:12.703232,58,53,0.52,3.7,34.170,34.170,252.900,659.484,1342.107
1625586707.0007894,2021-07-06 11:51:47.000795,59,54,0.52,3.7,34.297,34.297,254.400,660.973,1342.107
1625586742.2222936,2021-07-06 11:52:22.222299,60,55,0.52,3.6,35.221,35.221,243.400,660.062,1342.107
1625586776.396952,2021-07-06 11:52:56.396959,61,56,0.52,3.7,34.174,34.174,251.800,660.160,1342.107
1625586811.261105,2021-07-06 11:53:31.261111,62,57,0.52,3.7,34.864,34.864,246.900,664.367,1342.107
1625586845.7005637,2021-07-06 11:54:05.700569,63,58,0.52,3.7,34.439,34.439,249.500,661.117,1342.107
1625586880.5460372,2021-07-06 11:54:40.546045,64,59,0.52,3.7,34.845,34.845,251.000,662.500,1342.107
1625586914.5119016,2021-07-06 11:55:14.511908,65,60,0.52,3.8,33.966,33.966,253.900,665.414,1342.107
1625586949.1287065,2021-07-06 11:55:49.128713,66,61,0.52,3.7,34.617,34.617,247.700,661.789,1342.107
1625586984.1682565,2021-07-06 11:56:24.168264,67,62,0.52,3.7,35.039,35.039,243.000,662.598,1342.107
1625587018.7675915,2021-07-06 11:56:58.767598,68,63,0.52,3.7,34.599,34.599,250.300,661.824,1342.107
1625587053.9174733,2021-07-06 11:57:33.917480,69,64,0.52,3.6,35.150,35.150,242.800,662.637,1342.107
1625587087.5808985,2021-07-06 11:58:07.580905,70,65,0.52,3.8,33.663,33.663,256.400,663.066,1342.107
1625587122.0490837,2021-07-06 11:58:42.049090,71,66,0.52,3.7,34.468,34.468,247.500,662.309,1342.107
1625587158.5238316,2021-07-06 11:59:18.523837,72,67,0.52,3.5,36.474,36.474,234.600,660.016,1342.107
1625587192.386522,2021-07-06 11:59:52.386528,73,68,0.52,3.8,33.862,33.862,254.100,661.215,1342.107
1625587227.578861,2021-07-06 12:00:27.578888,74,69,0.52,3.6,35.192,35.192,242.400,662.551,1342.107
1625587261.9284985,2021-07-06 12:01:01.928504,75,70,0.52,3.7,34.349,34.349,257.500,663.367,1342.107
1625587295.5902753,2021-07-06 12:01:35.590282,76,71,0.52,3.8,33.661,33.661,263.700,663.234,1342.107
1625587329.5901644,2021-07-06 12:02:09.590172,77,72,0.52,3.8,34.000,34.000,264.500,667.035,1342.107
1625587363.452215,2021-07-06 12:02:43.452222,78,73,0.52,3.8,33.862,33.862,261.200,666.023,1342.107
1625587398.0631518,2021-07-06 12:03:18.063158,79,74,0.52,3.7,34.611,34.611,258.500,665.758,1342.107
1625587432.922965,2021-07-06 12:03:52.922971,80,75,0.52,3.7,34.860,34.860,245.000,662.496,1342.107
1625587467.5410037,2021-07-06 12:04:27.541007,81,76,0.52,3.7,34.618,34.618,255.700,659.988,1342.107
1625587502.219296,2021-07-06 12:05:02.219302,82,77,0.52,3.7,34.678,34.678,253.000,659.121,1342.107
1625587536.3593888,2021-07-06 12:05:36.359395,83,78,0.52,3.7,34.140,34.140,243.800,661.867,1342.107
1625587570.4302597,2021-07-06 12:06:10.430266,84,79,0.52,3.8,34.071,34.071,252.600,662.684,1342.107
1625587604.4627023,2021-07-06 12:06:44.462709,85,80,0.52,3.8,34.032,34.032,245.800,659.773,1342.107
1625587640.3086843,2021-07-06 12:07:20.308688,86,81,0.52,3.6,35.846,35.846,237.800,663.965,1342.107
1625587674.2576017,2021-07-06 12:07:54.257609,87,82,0.52,3.8,33.949,33.949,256.600,665.246,1342.107
1625587709.420351,2021-07-06 12:08:29.420356,88,83,0.52,3.6,35.162,35.162,245.700,664.504,1342.107
1625587744.3448255,2021-07-06 12:09:04.344832,89,84,0.52,3.7,34.924,34.924,249.200,659.910,1342.107
1625587778.7094824,2021-07-06 12:09:38.709487,90,85,0.52,3.7,34.364,34.364,263.700,659.941,1342.107
1625587813.7791004,2021-07-06 12:10:13.779107,91,86,0.52,3.6,35.069,35.069,259.100,662.871,1342.107
1625587847.3454816,2021-07-06 12:10:47.345486,92,87,0.52,3.8,33.566,33.566,265.700,661.379,1342.107
1625587881.0204194,2021-07-06 12:11:21.020426,93,88,0.52,3.8,33.675,33.675,266.300,661.324,1342.107
1625587914.630547,2021-07-06 12:11:54.630553,94,89,0.52,3.8,33.610,33.610,268.300,664.547,1342.107
1625587949.9791956,2021-07-06 12:12:29.979202,95,90,0.52,3.6,35.348,35.348,252.700,661.848,1342.107
1625587984.0031629,2021-07-06 12:13:04.003169,96,91,0.52,3.8,34.024,34.024,261.000,659.969,1342.107
1625588018.5104463,2021-07-06 12:13:38.510453,97,92,0.52,3.7,34.506,34.506,261.900,661.832,1342.107
1625588053.5423589,2021-07-06 12:14:13.542366,98,93,0.52,3.7,35.032,35.032,256.500,663.719,1342.107
1625588087.8569539,2021-07-06 12:14:47.856962,99,94,0.52,3.7,34.314,34.314,257.500,661.066,1342.107
1625588121.6061869,2021-07-06 12:15:21.606192,100,95,0.52,3.8,33.749,33.749,260.700,659.754,1342.107
1625588155.2191048,2021-07-06 12:15:55.219111,101,96,0.52,3.8,33.613,33.613,264.500,660.527,1342.107
1625588189.1247606,2021-07-06 12:16:29.124768,102,97,0.52,3.8,33.905,33.905,262.600,657.859,1342.107
1625588224.1683125,2021-07-06 12:17:04.168318,103,98,0.52,3.7,35.043,35.043,254.100,661.605,1342.107
1625588258.6813822,2021-07-06 12:17:38.681386,104,99,0.52,3.7,34.513,34.513,258.600,662.605,1342.107
1625588293.1369693,2021-07-06 12:18:13.136976,105,100,0.52,3.7,34.455,34.455,260.200,666.766,1342.107
1625588327.2841904,2021-07-06 12:18:47.284197,106,101,0.52,3.7,34.147,34.147,261.200,664.203,1342.107
1625588362.2277813,2021-07-06 12:19:22.227788,107,102,0.52,3.7,34.943,34.943,256.200,664.672,1342.107
1625588397.298653,2021-07-06 12:19:57.298660,108,103,0.52,3.6,35.071,35.071,254.700,665.582,1342.107
1625588431.3406146,2021-07-06 12:20:31.340621,109,104,0.52,3.8,34.042,34.042,260.300,665.539,1342.107
1625588464.9843872,2021-07-06 12:21:04.984394,110,105,0.52,3.8,33.643,33.643,265.800,664.316,1342.107
1625588499.4462829,2021-07-06 12:21:39.446290,111,106,0.52,3.7,34.462,34.462,257.600,660.668,1342.107
1625588532.750396,2021-07-06 12:22:12.750403,112,107,0.52,3.8,33.304,33.304,272.000,660.691,1342.107
1625588565.9123726,2021-07-06 12:22:45.912379,113,108,0.52,3.9,33.162,33.162,274.500,662.766,1342.107
1625588599.58337,2021-07-06 12:23:19.583376,114,109,0.52,3.8,33.671,33.671,263.800,664.301,1342.107
1625588633.8020194,2021-07-06 12:23:53.802027,115,110,0.52,3.7,34.218,34.218,260.700,660.406,1342.107
1625588668.628178,2021-07-06 12:24:28.628185,116,111,0.52,3.7,34.826,34.826,256.300,662.535,1342.107
1625588702.7814426,2021-07-06 12:25:02.781449,117,112,0.52,3.7,34.153,34.153,262.900,662.160,1342.107
1625588736.4388335,2021-07-06 12:25:36.438840,118,113,0.52,3.8,33.657,33.657,264.200,661.148,1342.107
1625588771.206644,2021-07-06 12:26:11.206649,119,114,0.52,3.7,34.767,34.767,255.700,666.387,1342.107
1625588805.5542984,2021-07-06 12:26:45.554306,120,115,0.52,3.7,34.347,34.347,260.300,666.242,1342.107
1625588839.5372577,2021-07-06 12:27:19.537263,121,116,0.52,3.8,33.983,33.983,262.500,665.461,1342.107
1625588873.5582008,2021-07-06 12:27:53.558209,122,117,0.52,3.8,34.021,34.021,261.000,664.270,1342.107
1625588907.6783793,2021-07-06 12:28:27.678386,123,118,0.52,3.8,34.120,34.120,263.000,665.258,1342.107
1625588942.3614867,2021-07-06 12:29:02.361494,124,119,0.52,3.7,34.683,34.683,261.500,663.672,1342.107
1625588976.613848,2021-07-06 12:29:36.613854,125,120,0.52,3.7,34.252,34.252,258.300,661.844,1342.107
1625589010.766311,2021-07-06 12:30:10.766316,126,121,0.52,3.7,34.152,34.152,262.600,663.164,1342.107
1625589045.5112934,2021-07-06 12:30:45.511301,127,122,0.52,3.7,34.745,34.745,256.600,662.406,1342.107
1625589080.768536,2021-07-06 12:31:20.768539,128,123,0.52,3.6,35.257,35.257,251.600,665.465,1342.107
1625589114.8384929,2021-07-06 12:31:54.838497,129,124,0.52,3.8,34.070,34.070,262.000,662.043,1342.107
1625589149.3118815,2021-07-06 12:32:29.311889,130,125,0.52,3.7,34.473,34.473,258.000,662.328,1342.107
1625589185.1976786,2021-07-06 12:33:05.197684,131,126,0.52,3.6,35.886,35.886,244.900,664.324,1342.107
1625589219.976842,2021-07-06 12:33:39.976847,132,127,0.52,3.7,34.779,34.779,255.300,663.637,1342.107
1625589253.48291,2021-07-06 12:34:13.482917,133,128,0.52,3.8,33.506,33.506,266.000,661.703,1342.107
1625589287.7839432,2021-07-06 12:34:47.783961,134,129,0.52,3.7,34.301,34.301,260.900,663.652,1342.107
1625589322.7276714,2021-07-06 12:35:22.727678,135,130,0.52,3.7,34.943,34.943,256.600,660.387,1342.107
1625589358.0225499,2021-07-06 12:35:58.022556,136,131,0.52,3.6,35.295,35.295,252.200,664.395,1342.107
1625589391.2122166,2021-07-06 12:36:31.212223,137,132,0.52,3.9,33.189,33.189,270.100,665.016,1342.107
1625589425.0130405,2021-07-06 12:37:05.013048,138,133,0.52,3.8,33.801,33.801,262.700,662.410,1342.107
1625589459.136082,2021-07-06 12:37:39.136086,139,134,0.52,3.8,34.123,34.123,260.300,666.566,1342.107
1625589495.3345404,2021-07-06 12:38:15.334546,140,135,0.52,3.5,36.198,36.198,243.800,668.906,1342.107
1625589530.2972791,2021-07-06 12:38:50.297287,141,136,0.52,3.7,34.962,34.962,257.000,666.945,1342.107
1625589567.27856,2021-07-06 12:39:27.278567,142,137,0.52,3.5,36.981,36.981,240.900,666.938,1342.107
1625589602.2325513,2021-07-06 12:40:02.232558,143,138,0.52,3.7,34.954,34.954,254.900,662.742,1342.107
1625589637.3718011,2021-07-06 12:40:37.371808,144,139,0.52,3.6,35.139,35.139,255.600,663.254,1342.107
1625589672.7803288,2021-07-06 12:41:12.780336,145,140,0.52,3.6,35.408,35.408,251.900,666.691,1342.107
1625589706.9545476,2021-07-06 12:41:46.954555,146,141,0.52,3.7,34.174,34.174,260.100,663.410,1342.107
1625589742.2027812,2021-07-06 12:42:22.202788,147,142,0.52,3.6,35.248,35.248,258.300,661.066,1342.107
1625589777.129412,2021-07-06 12:42:57.129419,148,143,0.52,3.7,34.926,34.926,255.200,662.723,1342.107
1625589811.5958474,2021-07-06 12:43:31.595854,149,144,0.52,3.7,34.466,34.466,258.100,659.832,1342.107
1625589846.6254148,2021-07-06 12:44:06.625422,150,145,0.52,3.7,35.029,35.029,255.400,664.328,1342.107
1625589881.8017037,2021-07-06 12:44:41.801707,151,146,0.52,3.6,35.176,35.176,253.300,667.332,1342.107
1625589915.7773292,2021-07-06 12:45:15.777336,152,147,0.52,3.8,33.975,33.975,260.100,666.121,1342.107
1625589949.6413643,2021-07-06 12:45:49.641369,153,148,0.52,3.8,33.864,33.864,260.100,662.445,1342.107
1625589983.2397327,2021-07-06 12:46:23.239740,154,149,0.52,3.8,33.598,33.598,269.200,664.273,1342.107
1625590017.2835886,2021-07-06 12:46:57.283595,155,150,0.52,3.8,34.044,34.044,262.100,665.414,1342.107
1625590051.3555112,2021-07-06 12:47:31.355518,156,151,0.52,3.8,34.072,34.072,264.000,663.742,1342.107
1625590085.438929,2021-07-06 12:48:05.438936,157,152,0.52,3.8,34.083,34.083,260.400,663.113,1342.107
1625590119.4310298,2021-07-06 12:48:39.431037,158,153,0.52,3.8,33.992,33.992,260.900,661.996,1342.107
1625590153.36057,2021-07-06 12:49:13.360575,159,154,0.52,3.8,33.929,33.929,259.800,664.625,1342.107
1625590187.197788,2021-07-06 12:49:47.197795,160,155,0.52,3.8,33.837,33.837,263.900,663.906,1342.107
1625590221.9379234,2021-07-06 12:50:21.937931,161,156,0.52,3.7,34.740,34.740,255.600,664.703,1342.107
1625590254.8249438,2021-07-06 12:50:54.824950,162,157,0.52,3.9,32.887,32.887,270.300,665.102,1342.107
1625590287.9486284,2021-07-06 12:51:27.948636,163,158,0.52,3.9,33.123,33.123,269.000,662.848,1342.107
1625590322.1662548,2021-07-06 12:52:02.166262,164,159,0.52,3.7,34.217,34.217,260.600,666.543,1342.107
1625590356.0984418,2021-07-06 12:52:36.098449,165,160,0.52,3.8,33.932,33.932,261.900,664.957,1342.107
1625590390.4404957,2021-07-06 12:53:10.440502,166,161,0.52,3.7,34.342,34.342,259.300,664.160,1342.107
1625590424.6032436,2021-07-06 12:53:44.603250,167,162,0.52,3.7,34.162,34.162,260.900,664.547,1342.107
1625590458.8944643,2021-07-06 12:54:18.894471,168,163,0.52,3.7,34.291,34.291,262.600,664.406,1342.107
1625590492.624606,2021-07-06 12:54:52.624613,169,164,0.52,3.8,33.730,33.730,261.700,664.941,1342.107
1625590526.216811,2021-07-06 12:55:26.216818,170,165,0.52,3.8,33.592,33.592,265.800,665.273,1342.107
1625590560.0316682,2021-07-06 12:56:00.031675,171,166,0.52,3.8,33.815,33.815,264.900,667.586,1342.107
1625590594.550007,2021-07-06 12:56:34.550014,172,167,0.52,3.7,34.518,34.518,259.100,665.297,1342.107
1625590628.5690696,2021-07-06 12:57:08.569074,173,168,0.52,3.8,34.019,34.019,260.600,666.629,1342.107
1625590663.1529086,2021-07-06 12:57:43.152916,174,169,0.52,3.7,34.584,34.584,260.100,666.484,1342.107
1625590696.8420334,2021-07-06 12:58:16.842041,175,170,0.52,3.8,33.689,33.689,264.100,664.117,1342.107
1625590731.0136907,2021-07-06 12:58:51.013698,176,171,0.52,3.7,34.171,34.171,260.500,663.742,1342.107
1625590764.7889335,2021-07-06 12:59:24.788942,177,172,0.52,3.8,33.775,33.775,263.800,662.875,1342.107
1625590798.43393,2021-07-06 12:59:58.433936,178,173,0.52,3.8,33.645,33.645,265.400,662.879,1342.107
1625590832.6191268,2021-07-06 13:00:32.619134,179,174,0.52,3.7,34.185,34.185,260.000,663.398,1342.107
1625590867.470225,2021-07-06 13:01:07.470233,180,175,0.52,3.7,34.851,34.851,255.900,665.309,1342.107
1625590902.0689847,2021-07-06 13:01:42.068991,181,176,0.52,3.7,34.598,34.598,257.300,664.207,1342.107
1625590936.317176,2021-07-06 13:02:16.317183,182,177,0.52,3.7,34.248,34.248,260.800,663.910,1342.107
1625590971.9194624,2021-07-06 13:02:51.919468,183,178,0.52,3.6,35.602,35.602,252.000,664.672,1342.107
1625591008.1579192,2021-07-06 13:03:28.157926,184,179,0.52,3.5,36.238,36.238,245.900,660.750,1342.107
1625591042.199759,2021-07-06 13:04:02.199766,185,180,0.52,3.8,34.042,34.042,258.300,663.953,1342.107
1625591078.065809,2021-07-06 13:04:38.065816,186,181,0.52,3.6,35.866,35.866,247.400,665.316,1342.107
1625591112.2826302,2021-07-06 13:05:12.282637,187,182,0.52,3.7,34.217,34.217,265.200,665.551,1342.107
1625591147.0487206,2021-07-06 13:05:47.048728,188,183,0.52,3.7,34.766,34.766,262.600,665.219,1342.107
1625591181.9627612,2021-07-06 13:06:21.962767,189,184,0.52,3.7,34.914,34.914,253.700,663.199,1342.107
1625591217.2884862,2021-07-06 13:06:57.288494,190,185,0.52,3.6,35.325,35.325,255.400,663.812,1342.107
1625591251.4515104,2021-07-06 13:07:31.451518,191,186,0.52,3.7,34.163,34.163,259.500,666.027,1342.107
1625591285.8467627,2021-07-06 13:08:05.846770,192,187,0.52,3.7,34.395,34.395,259.900,664.629,1342.107
1625591319.7045672,2021-07-06 13:08:39.704574,193,188,0.52,3.8,33.858,33.858,266.600,666.664,1342.107
1625591354.2782102,2021-07-06 13:09:14.278217,194,189,0.52,3.7,34.573,34.573,260.600,662.918,1342.107
1625591387.7306046,2021-07-06 13:09:47.730609,195,190,0.52,3.8,33.452,33.452,265.700,667.492,1342.107
1625591421.084834,2021-07-06 13:10:21.084841,196,191,0.52,3.8,33.354,33.354,267.300,666.816,1342.107
1625591454.7845435,2021-07-06 13:10:54.784551,197,192,0.52,3.8,33.699,33.699,266.600,666.961,1342.107
1625591488.751278,2021-07-06 13:11:28.751285,198,193,0.52,3.8,33.966,33.966,263.100,666.039,1342.107
1625591524.3268313,2021-07-06 13:12:04.326837,199,194,0.52,3.6,35.575,35.575,249.400,669.551,1342.107
1625591557.6991317,2021-07-06 13:12:37.699138,200,195,0.52,3.8,33.372,33.372,265.100,669.254,1342.107
1625591593.0517044,2021-07-06 13:13:13.051712,201,196,0.52,3.6,35.352,35.352,254.700,665.332,1342.107
1625591627.9514165,2021-07-06 13:13:47.951423,202,197,0.52,3.7,34.899,34.899,260.300,665.434,1342.107
1625591663.631622,2021-07-06 13:14:23.631627,203,198,0.52,3.6,35.680,35.680,250.100,667.352,1342.108
1625591697.3760917,2021-07-06 13:14:57.376096,204,199,0.52,3.8,33.744,33.744,261.000,666.531,1342.108
1625591733.4848306,2021-07-06 13:15:33.484838,205,200,0.52,3.5,36.109,36.109,251.600,666.457,1342.108
1625591768.0386539,2021-07-06 13:16:08.038661,206,201,0.52,3.7,34.554,34.554,258.500,663.785,1342.108
