time,datetime,step,global_step,loss,examples_sec,sec_batch,duration,cpu,mem,net_usage
1625584717.4847736,2021-07-06 11:18:37.484780,0,0,0.89,3.9,32.943,32.943,0.000,525.770,62.958
1625584742.2597744,2021-07-06 11:19:02.259780,1,0,0.82,5.2,24.775,24.775,334.500,558.445,62.959
1625584766.7387412,2021-07-06 11:19:26.738748,2,1,0.82,5.2,24.479,24.479,340.900,588.270,62.959
1625584791.499507,2021-07-06 11:19:51.499514,3,1,0.82,5.2,24.760,24.760,340.300,623.508,62.959
1625584816.3937814,2021-07-06 11:20:16.393788,4,1,0.82,5.1,24.894,24.894,342.600,632.246,62.959
1625584840.9720433,2021-07-06 11:20:40.972050,5,1,0.82,5.2,24.578,24.578,324.600,664.551,62.959
1625584874.970015,2021-07-06 11:21:14.970022,6,1,0.82,3.8,33.998,33.998,246.800,682.836,62.959
1625584907.6430955,2021-07-06 11:21:47.643103,7,2,0.77,3.9,32.673,32.673,247.700,678.414,62.959
1625584944.396627,2021-07-06 11:22:24.396635,8,3,0.73,3.5,36.753,36.753,225.500,678.297,62.959
1625584978.4598873,2021-07-06 11:22:58.459894,9,4,0.69,3.8,34.063,34.063,251.300,687.938,62.959
1625585013.7314322,2021-07-06 11:23:33.731439,10,5,0.66,3.6,35.271,35.271,233.200,685.688,62.959
1625585048.017574,2021-07-06 11:24:08.017582,11,6,0.64,3.7,34.286,34.286,241.600,686.953,62.959
1625585083.8272665,2021-07-06 11:24:43.827274,12,7,0.62,3.6,35.809,35.809,238.300,689.238,62.959
1625585117.4172652,2021-07-06 11:25:17.417272,13,8,0.60,3.8,33.590,33.590,252.000,693.816,62.959
1625585152.0895998,2021-07-06 11:25:52.089618,14,9,0.59,3.7,34.672,34.672,249.800,702.578,62.959
1625585187.3654895,2021-07-06 11:26:27.365496,15,10,0.58,3.6,35.276,35.276,236.600,692.961,62.959
1625585222.4742756,2021-07-06 11:27:02.474283,16,11,0.57,3.6,35.108,35.108,236.700,704.230,62.959
1625585256.8083522,2021-07-06 11:27:36.808359,17,12,0.56,3.7,34.334,34.334,240.700,704.438,62.959
1625585291.445909,2021-07-06 11:28:11.445916,18,13,0.55,3.7,34.637,34.637,254.400,700.422,62.959
1625585327.3472672,2021-07-06 11:28:47.347273,19,14,0.55,3.6,35.901,35.901,228.700,702.828,62.959
1625585361.3515372,2021-07-06 11:29:21.351544,20,15,0.54,3.8,34.004,34.004,246.200,697.059,62.959
1625585395.552267,2021-07-06 11:29:55.552275,21,16,0.54,3.7,34.200,34.200,250.300,705.773,62.959
1625585428.7540894,2021-07-06 11:30:28.754097,22,17,0.54,3.9,33.202,33.202,257.200,710.949,62.959
1625585464.401782,2021-07-06 11:31:04.401788,23,18,0.53,3.6,35.647,35.647,225.900,711.512,62.959
1625585498.1343458,2021-07-06 11:31:38.134353,24,19,0.53,3.8,33.732,33.732,239.000,707.258,62.959
1625585532.3817964,2021-07-06 11:32:12.381803,25,20,0.53,3.7,34.247,34.247,230.600,699.891,62.959
1625585566.7363634,2021-07-06 11:32:46.736370,26,21,0.53,3.7,34.354,34.354,256.800,701.090,62.959
1625585600.4200592,2021-07-06 11:33:20.420066,27,22,0.53,3.8,33.683,33.683,253.300,699.324,63.059
1625585634.3225536,2021-07-06 11:33:54.322557,28,23,0.53,3.8,33.902,33.902,247.800,710.594,63.059
1625585667.7529628,2021-07-06 11:34:27.752969,29,24,0.53,3.8,33.430,33.430,250.800,712.328,63.059
1625585702.1647372,2021-07-06 11:35:02.164744,30,25,0.53,3.7,34.412,34.412,244.100,710.914,63.059
1625585735.6757426,2021-07-06 11:35:35.675750,31,26,0.53,3.8,33.511,33.511,247.500,712.836,63.059
1625585769.71646,2021-07-06 11:36:09.716463,32,27,0.52,3.8,34.040,34.040,249.100,713.047,63.059
1625585803.6982884,2021-07-06 11:36:43.698295,33,28,0.52,3.8,33.982,33.982,250.200,706.930,63.059
1625585838.1492786,2021-07-06 11:37:18.149286,34,29,0.52,3.7,34.451,34.451,245.500,702.062,63.059
1625585871.8627293,2021-07-06 11:37:51.862735,35,30,0.52,3.8,33.713,33.713,251.700,711.391,63.059
1625585905.625887,2021-07-06 11:38:25.625894,36,31,0.52,3.8,33.763,33.763,242.500,710.316,63.059
1625585939.915872,2021-07-06 11:38:59.915879,37,32,0.52,3.7,34.290,34.290,246.500,706.770,63.059
1625585974.5254457,2021-07-06 11:39:34.525453,38,33,0.52,3.7,34.609,34.609,246.300,698.465,63.059
1625586009.0045025,2021-07-06 11:40:09.004509,39,34,0.52,3.7,34.479,34.479,246.400,703.223,63.059
1625586043.6850936,2021-07-06 11:40:43.685101,40,35,0.52,3.7,34.680,34.680,248.100,703.691,63.059
1625586077.6716452,2021-07-06 11:41:17.671652,41,36,0.52,3.8,33.986,33.986,248.300,704.086,63.059
1625586111.627425,2021-07-06 11:41:51.627431,42,37,0.52,3.8,33.955,33.955,250.200,701.910,63.059
1625586146.3894532,2021-07-06 11:42:26.389460,43,38,0.52,3.7,34.762,34.762,246.500,700.176,63.059
1625586182.8716629,2021-07-06 11:43:02.871670,44,39,0.52,3.5,36.482,36.482,230.100,699.695,63.059
1625586218.0844567,2021-07-06 11:43:38.084464,45,40,0.52,3.6,35.213,35.213,240.800,696.531,63.059
1625586252.988161,2021-07-06 11:44:12.988165,46,41,0.52,3.7,34.903,34.903,245.400,703.051,63.059
1625586288.7453973,2021-07-06 11:44:48.745403,47,42,0.52,3.6,35.757,35.757,234.900,704.945,63.059
1625586323.8024151,2021-07-06 11:45:23.802421,48,43,0.52,3.7,35.057,35.057,244.200,700.266,63.059
1625586358.6645937,2021-07-06 11:45:58.664597,49,44,0.52,3.7,34.862,34.862,243.200,701.164,63.059
1625586394.994479,2021-07-06 11:46:34.994485,50,45,0.52,3.5,36.330,36.330,230.600,702.137,63.059
1625586428.9478347,2021-07-06 11:47:08.947841,51,46,0.52,3.8,33.953,33.953,252.600,703.984,63.059
1625586463.4276242,2021-07-06 11:47:43.427632,52,47,0.52,3.7,34.480,34.480,249.000,701.238,63.059
1625586497.084344,2021-07-06 11:48:17.084351,53,48,0.52,3.8,33.656,33.656,254.000,706.312,63.059
1625586531.7497032,2021-07-06 11:48:51.749710,54,49,0.52,3.7,34.665,34.665,243.700,706.320,63.059
1625586568.082769,2021-07-06 11:49:28.082775,55,50,0.52,3.5,36.333,36.333,232.200,702.785,63.059
1625586602.595451,2021-07-06 11:50:02.595459,56,51,0.52,3.7,34.512,34.512,246.900,702.254,63.059
1625586638.4918394,2021-07-06 11:50:38.491847,57,52,0.52,3.6,35.896,35.896,237.600,702.941,63.059
1625586672.7017143,2021-07-06 11:51:12.701721,58,53,0.52,3.7,34.210,34.210,251.700,705.516,63.059
1625586706.9996674,2021-07-06 11:51:46.999674,59,54,0.52,3.7,34.298,34.298,251.900,704.586,63.059
1625586742.2224143,2021-07-06 11:52:22.222422,60,55,0.52,3.6,35.222,35.222,242.000,701.984,63.059
1625586776.3911455,2021-07-06 11:52:56.391148,61,56,0.52,3.7,34.168,34.168,250.700,700.746,63.059
1625586811.26126,2021-07-06 11:53:31.261267,62,57,0.52,3.7,34.870,34.870,245.700,700.945,63.059
1625586845.6974888,2021-07-06 11:54:05.697492,63,58,0.52,3.7,34.436,34.436,247.200,705.598,63.059
1625586880.5450716,2021-07-06 11:54:40.545079,64,59,0.52,3.7,34.847,34.847,244.100,702.875,63.059
1625586914.5134554,2021-07-06 11:55:14.513463,65,60,0.52,3.8,33.968,33.968,250.800,702.617,63.059
1625586949.191164,2021-07-06 11:55:49.191172,66,61,0.52,3.7,34.677,34.677,242.600,702.855,63.059
1625586984.167079,2021-07-06 11:56:24.167085,67,62,0.52,3.7,34.976,34.976,243.400,700.062,63.059
1625587018.7977648,2021-07-06 11:56:58.797770,68,63,0.52,3.7,34.630,34.630,247.700,703.320,63.059
1625587053.8807712,2021-07-06 11:57:33.880777,69,64,0.52,3.6,35.083,35.083,242.700,703.668,63.059
1625587087.5802948,2021-07-06 11:58:07.580300,70,65,0.52,3.8,33.699,33.699,251.900,702.820,63.059
1625587122.0481915,2021-07-06 11:58:42.048199,71,66,0.52,3.7,34.468,34.468,248.000,703.586,63.059
1625587158.5632133,2021-07-06 11:59:18.563222,72,67,0.52,3.5,36.515,36.515,234.300,700.711,63.059
1625587192.3858056,2021-07-06 11:59:52.385813,73,68,0.52,3.8,33.822,33.822,254.000,703.973,63.059
1625587227.5778096,2021-07-06 12:00:27.577817,74,69,0.52,3.6,35.192,35.192,242.900,698.379,63.059
1625587261.9252331,2021-07-06 12:01:01.925237,75,70,0.52,3.7,34.347,34.347,249.000,698.367,63.059
1625587295.5408058,2021-07-06 12:01:35.540814,76,71,0.52,3.8,33.615,33.615,253.400,702.348,63.059
1625587329.5901756,2021-07-06 12:02:09.590183,77,72,0.52,3.8,34.049,34.049,250.900,703.246,63.059
1625587363.4508114,2021-07-06 12:02:43.450818,78,73,0.52,3.8,33.860,33.860,256.000,704.762,63.059
1625587398.0599854,2021-07-06 12:03:18.059992,79,74,0.52,3.7,34.609,34.609,254.300,702.422,63.059
1625587432.9222262,2021-07-06 12:03:52.922232,80,75,0.52,3.7,34.862,34.862,247.900,701.375,63.059
1625587467.5715973,2021-07-06 12:04:27.571613,81,76,0.52,3.7,34.649,34.649,247.500,702.996,63.059
1625587502.2186747,2021-07-06 12:05:02.218681,82,77,0.52,3.7,34.647,34.647,250.300,699.180,63.059
1625587536.3595052,2021-07-06 12:05:36.359511,83,78,0.52,3.7,34.141,34.141,252.700,700.305,63.059
1625587570.4293895,2021-07-06 12:06:10.429397,84,79,0.52,3.8,34.070,34.070,252.000,701.398,63.059
1625587604.4619753,2021-07-06 12:06:44.461981,85,80,0.52,3.8,34.032,34.032,251.300,700.691,63.059
1625587640.3471558,2021-07-06 12:07:20.347162,86,81,0.52,3.6,35.885,35.885,238.100,701.527,63.059
1625587674.2558076,2021-07-06 12:07:54.255814,87,82,0.52,3.8,33.908,33.908,254.200,702.223,63.059
1625587709.4802308,2021-07-06 12:08:29.480236,88,83,0.52,3.6,35.224,35.224,242.700,703.664,63.059
1625587744.4073832,2021-07-06 12:09:04.407390,89,84,0.52,3.7,34.927,34.927,244.700,707.781,63.059
1625587778.7800756,2021-07-06 12:09:38.780083,90,85,0.52,3.7,34.372,34.372,249.400,705.215,63.059
1625587813.8220894,2021-07-06 12:10:13.822095,91,86,0.52,3.7,35.042,35.042,245.400,705.668,63.059
1625587847.3752568,2021-07-06 12:10:47.375264,92,87,0.52,3.8,33.552,33.552,256.700,707.344,63.059
1625587880.9701223,2021-07-06 12:11:20.970130,93,88,0.52,3.8,33.595,33.595,255.000,706.555,63.059
1625587914.6304307,2021-07-06 12:11:54.630438,94,89,0.52,3.8,33.660,33.660,253.900,707.664,63.059
1625587950.0188255,2021-07-06 12:12:30.018832,95,90,0.52,3.6,35.388,35.388,243.300,703.988,63.059
1625587983.9500372,2021-07-06 12:13:03.950043,96,91,0.52,3.8,33.931,33.931,256.000,703.684,63.059
1625588018.509244,2021-07-06 12:13:38.509252,97,92,0.52,3.7,34.559,34.559,248.600,704.363,63.059
1625588053.5405731,2021-07-06 12:14:13.540579,98,93,0.52,3.7,35.031,35.031,247.300,705.406,63.059
1625588087.888747,2021-07-06 12:14:47.888752,99,94,0.52,3.7,34.348,34.348,250.900,704.969,63.059
1625588121.606503,2021-07-06 12:15:21.606510,100,95,0.52,3.8,33.717,33.717,256.100,704.773,63.059
1625588155.2180345,2021-07-06 12:15:55.218041,101,96,0.52,3.8,33.611,33.611,256.500,705.121,63.059
1625588189.1652107,2021-07-06 12:16:29.165216,102,97,0.52,3.8,33.947,33.947,251.900,702.840,63.059
1625588224.1649196,2021-07-06 12:17:04.164923,103,98,0.52,3.7,34.999,34.999,247.400,706.145,63.059
1625588258.6499636,2021-07-06 12:17:38.649969,104,99,0.52,3.7,34.485,34.485,250.200,704.363,63.059
1625588293.180775,2021-07-06 12:18:13.180782,105,100,0.52,3.7,34.531,34.531,248.300,704.586,63.059
1625588327.2459679,2021-07-06 12:18:47.245976,106,101,0.52,3.8,34.065,34.065,255.200,703.832,63.059
1625588362.226716,2021-07-06 12:19:22.226723,107,102,0.52,3.7,34.980,34.980,249.700,698.578,63.059
1625588397.2978156,2021-07-06 12:19:57.297822,108,103,0.52,3.6,35.071,35.071,247.000,699.117,63.059
1625588431.4049678,2021-07-06 12:20:31.404975,109,104,0.52,3.8,34.107,34.107,254.200,702.254,63.059
1625588465.048557,2021-07-06 12:21:05.048564,110,105,0.52,3.8,33.643,33.643,256.300,701.871,63.059
1625588499.4830792,2021-07-06 12:21:39.483083,111,106,0.52,3.7,34.434,34.434,249.900,700.664,63.059
1625588532.7870247,2021-07-06 12:22:12.787031,112,107,0.52,3.8,33.304,33.304,257.800,700.496,63.059
1625588565.9669664,2021-07-06 12:22:45.966973,113,108,0.52,3.9,33.180,33.180,258.400,703.375,63.059
1625588599.6179852,2021-07-06 12:23:19.617992,114,109,0.52,3.8,33.651,33.651,257.200,699.074,63.059
1625588633.7884924,2021-07-06 12:23:53.788499,115,110,0.52,3.7,34.170,34.170,253.900,701.695,63.059
1625588668.5619574,2021-07-06 12:24:28.561965,116,111,0.52,3.7,34.773,34.773,246.500,701.090,63.059
1625588702.7804272,2021-07-06 12:25:02.780435,117,112,0.52,3.7,34.218,34.218,253.700,700.879,63.059
1625588736.404965,2021-07-06 12:25:36.404971,118,113,0.52,3.8,33.624,33.624,260.900,703.086,63.059
1625588771.1649618,2021-07-06 12:26:11.164968,119,114,0.52,3.7,34.760,34.760,248.400,703.211,63.059
1625588805.5179322,2021-07-06 12:26:45.517939,120,115,0.52,3.7,34.353,34.353,254.400,703.246,63.059
1625588839.5367608,2021-07-06 12:27:19.536767,121,116,0.52,3.8,34.019,34.019,258.400,703.789,63.059
1625588873.5545108,2021-07-06 12:27:53.554518,122,117,0.52,3.8,34.017,34.017,255.200,703.918,63.059
1625588907.6773837,2021-07-06 12:28:27.677391,123,118,0.52,3.8,34.123,34.123,253.300,706.934,63.059
1625588942.335915,2021-07-06 12:29:02.335922,124,119,0.52,3.7,34.658,34.658,250.500,707.527,63.059
1625588976.669993,2021-07-06 12:29:36.670000,125,120,0.52,3.7,34.334,34.334,251.600,706.000,63.059
1625589010.7248816,2021-07-06 12:30:10.724888,126,121,0.52,3.8,34.055,34.055,251.600,705.684,63.059
1625589045.511255,2021-07-06 12:30:45.511263,127,122,0.52,3.7,34.786,34.786,248.600,703.367,63.059
1625589080.7724915,2021-07-06 12:31:20.772499,128,123,0.52,3.6,35.261,35.261,247.800,701.871,63.059
1625589114.841554,2021-07-06 12:31:54.841561,129,124,0.52,3.8,34.069,34.069,257.500,703.391,63.059
1625589149.311579,2021-07-06 12:32:29.311585,130,125,0.52,3.7,34.470,34.470,253.500,703.477,63.059
1625589185.198529,2021-07-06 12:33:05.198535,131,126,0.52,3.6,35.887,35.887,242.800,703.434,63.059
1625589219.9798503,2021-07-06 12:33:39.979857,132,127,0.52,3.7,34.781,34.781,249.000,702.707,63.059
1625589253.4354067,2021-07-06 12:34:13.435414,133,128,0.52,3.8,33.455,33.455,263.000,702.891,63.059
1625589287.783133,2021-07-06 12:34:47.783139,134,129,0.52,3.7,34.347,34.347,252.800,703.117,63.059
1625589322.7267811,2021-07-06 12:35:22.726788,135,130,0.52,3.7,34.943,34.943,247.200,704.164,63.059
1625589358.0685592,2021-07-06 12:35:58.068566,136,131,0.52,3.6,35.341,35.341,245.200,705.531,63.059
1625589391.2126431,2021-07-06 12:36:31.212650,137,132,0.52,3.9,33.144,33.144,261.200,705.738,63.059
1625589425.0135891,2021-07-06 12:37:05.013596,138,133,0.52,3.8,33.801,33.801,258.100,702.820,63.059
1625589459.1730394,2021-07-06 12:37:39.173047,139,134,0.52,3.7,34.159,34.159,252.900,701.148,63.059
1625589495.3338785,2021-07-06 12:38:15.333886,140,135,0.52,3.5,36.161,36.161,238.900,702.730,63.059
1625589530.2962086,2021-07-06 12:38:50.296215,141,136,0.52,3.7,34.962,34.962,246.400,707.344,63.059
1625589567.339528,2021-07-06 12:39:27.339536,142,137,0.52,3.5,37.043,37.043,232.200,703.227,63.059
1625589602.241643,2021-07-06 12:40:02.241650,143,138,0.52,3.7,34.902,34.902,246.600,705.973,63.059
1625589637.3705301,2021-07-06 12:40:37.370536,144,139,0.52,3.6,35.129,35.129,245.900,706.590,63.059
1625589672.7798162,2021-07-06 12:41:12.779823,145,140,0.52,3.6,35.409,35.409,244.900,704.723,63.059
1625589706.95364,2021-07-06 12:41:46.953647,146,141,0.52,3.7,34.174,34.174,253.900,701.543,63.059
1625589742.202003,2021-07-06 12:42:22.202010,147,142,0.52,3.6,35.248,35.248,246.200,702.586,63.059
1625589777.1284564,2021-07-06 12:42:57.128463,148,143,0.52,3.7,34.926,34.926,249.300,704.191,63.059
1625589811.5951843,2021-07-06 12:43:31.595191,149,144,0.52,3.7,34.466,34.466,252.200,702.965,63.059
1625589846.6245337,2021-07-06 12:44:06.624540,150,145,0.52,3.7,35.029,35.029,249.600,705.094,63.059
1625589881.8052619,2021-07-06 12:44:41.805268,151,146,0.52,3.6,35.180,35.180,249.000,708.238,63.059
1625589915.7763824,2021-07-06 12:45:15.776390,152,147,0.52,3.8,33.971,33.971,253.100,707.480,63.059
1625589949.5873647,2021-07-06 12:45:49.587371,153,148,0.52,3.8,33.811,33.811,255.200,705.328,63.059
1625589983.2385228,2021-07-06 12:46:23.238529,154,149,0.52,3.8,33.651,33.651,253.700,707.180,63.059
1625590017.3211663,2021-07-06 12:46:57.321174,155,150,0.52,3.8,34.082,34.082,255.800,710.355,63.059
1625590051.3963203,2021-07-06 12:47:31.396327,156,151,0.52,3.8,34.075,34.075,258.400,707.984,63.059
1625590085.4882963,2021-07-06 12:48:05.488303,157,152,0.52,3.8,34.092,34.092,256.600,711.199,63.059
1625590119.4252312,2021-07-06 12:48:39.425234,158,153,0.52,3.8,33.937,33.937,260.400,705.875,63.059
1625590153.411263,2021-07-06 12:49:13.411270,159,154,0.52,3.8,33.986,33.986,257.000,707.449,63.059
1625590187.196526,2021-07-06 12:49:47.196533,160,155,0.52,3.8,33.785,33.785,259.000,709.047,63.059
1625590221.9369252,2021-07-06 12:50:21.936932,161,156,0.52,3.7,34.740,34.740,259.200,703.859,63.059
1625590254.8824944,2021-07-06 12:50:54.882501,162,157,0.52,3.9,32.945,32.945,265.100,703.082,63.059
1625590287.986662,2021-07-06 12:51:27.986669,163,158,0.52,3.9,33.104,33.104,263.400,704.172,63.059
1625590322.201406,2021-07-06 12:52:02.201413,164,159,0.52,3.7,34.214,34.214,253.600,701.613,63.059
1625590356.0977857,2021-07-06 12:52:36.097792,165,160,0.52,3.8,33.896,33.896,257.300,702.168,63.059
1625590390.43945,2021-07-06 12:53:10.439457,166,161,0.52,3.7,34.341,34.341,254.800,706.797,63.059
1625590424.5364125,2021-07-06 12:53:44.536419,167,162,0.52,3.8,34.097,34.097,255.100,704.730,63.059
1625590458.8628786,2021-07-06 12:54:18.862885,168,163,0.52,3.7,34.326,34.326,253.500,705.641,63.059
1625590492.624174,2021-07-06 12:54:52.624181,169,164,0.52,3.8,33.761,33.761,260.300,704.008,63.059
1625590526.2126453,2021-07-06 12:55:26.212650,170,165,0.52,3.8,33.588,33.588,259.700,701.988,63.059
1625590560.0306299,2021-07-06 12:56:00.030636,171,166,0.52,3.8,33.818,33.818,256.800,700.367,63.059
1625590594.5493782,2021-07-06 12:56:34.549385,172,167,0.52,3.7,34.518,34.518,252.200,701.684,63.059
1625590628.5707653,2021-07-06 12:57:08.570772,173,168,0.52,3.8,34.021,34.021,254.000,707.062,63.059
1625590663.1518767,2021-07-06 12:57:43.151884,174,169,0.52,3.7,34.581,34.581,252.100,705.559,63.059
1625590696.8846574,2021-07-06 12:58:16.884664,175,170,0.52,3.8,33.732,33.732,261.100,708.023,63.059
1625590731.0140424,2021-07-06 12:58:51.014050,176,171,0.52,3.8,34.129,34.129,256.200,703.270,63.059
1625590764.7843254,2021-07-06 12:59:24.784333,177,172,0.52,3.8,33.770,33.770,258.800,702.551,63.059
1625590798.4369366,2021-07-06 12:59:58.436946,178,173,0.52,3.8,33.652,33.652,260.700,707.445,63.059
1625590832.6184785,2021-07-06 13:00:32.618486,179,174,0.52,3.7,34.181,34.181,256.300,706.395,63.059
1625590867.4700522,2021-07-06 13:01:07.470060,180,175,0.52,3.7,34.851,34.851,248.800,704.859,63.059
1625590902.0679922,2021-07-06 13:01:42.068000,181,176,0.52,3.7,34.597,34.597,255.400,705.371,63.059
1625590936.316207,2021-07-06 13:02:16.316215,182,177,0.52,3.7,34.248,34.248,254.300,707.508,63.059
1625590971.957575,2021-07-06 13:02:51.957582,183,178,0.52,3.6,35.641,35.641,239.300,706.785,63.059
1625591008.193376,2021-07-06 13:03:28.193379,184,179,0.52,3.5,36.236,36.236,236.100,709.551,63.059
1625591042.1990712,2021-07-06 13:04:02.199079,185,180,0.52,3.8,34.006,34.006,255.200,707.371,63.059
1625591078.1100032,2021-07-06 13:04:38.110010,186,181,0.52,3.6,35.911,35.911,237.900,707.457,63.059
1625591112.280652,2021-07-06 13:05:12.280659,187,182,0.52,3.7,34.170,34.170,255.200,703.047,63.059
1625591147.042883,2021-07-06 13:05:47.042886,188,183,0.52,3.7,34.762,34.762,252.900,704.098,63.059
1625591181.9623156,2021-07-06 13:06:21.962323,189,184,0.52,3.7,34.919,34.919,250.700,703.465,63.059
1625591217.2890217,2021-07-06 13:06:57.289030,190,185,0.52,3.6,35.326,35.326,249.400,703.340,63.059
1625591251.4504032,2021-07-06 13:07:31.450411,191,186,0.52,3.7,34.161,34.161,257.000,706.789,63.059
1625591285.8461797,2021-07-06 13:08:05.846186,192,187,0.52,3.7,34.395,34.395,254.400,710.289,63.059
1625591319.7030735,2021-07-06 13:08:39.703080,193,188,0.52,3.8,33.857,33.857,258.600,711.223,63.059
1625591354.303678,2021-07-06 13:09:14.303684,194,189,0.52,3.7,34.600,34.600,250.700,709.055,63.059
1625591387.7327888,2021-07-06 13:09:47.732795,195,190,0.52,3.8,33.429,33.429,262.700,706.488,63.059
1625591421.118722,2021-07-06 13:10:21.118729,196,191,0.52,3.8,33.386,33.386,257.800,703.488,63.059
1625591454.737396,2021-07-06 13:10:54.737403,197,192,0.52,3.8,33.618,33.618,260.600,704.625,63.059
1625591488.682909,2021-07-06 13:11:28.682916,198,193,0.52,3.8,33.945,33.945,259.700,707.172,63.059
1625591524.3261287,2021-07-06 13:12:04.326135,199,194,0.52,3.6,35.643,35.643,242.700,707.004,63.059
1625591557.6984046,2021-07-06 13:12:37.698411,200,195,0.52,3.8,33.372,33.372,262.100,707.043,63.059
1625591593.051125,2021-07-06 13:13:13.051132,201,196,0.52,3.6,35.352,35.352,249.300,705.113,63.059
1625591627.9504383,2021-07-06 13:13:47.950443,202,197,0.52,3.7,34.899,34.899,252.200,703.172,63.059
1625591663.659223,2021-07-06 13:14:23.659230,203,198,0.52,3.6,35.709,35.709,245.500,705.406,63.059
1625591697.4064057,2021-07-06 13:14:57.406411,204,199,0.52,3.8,33.747,33.747,258.700,705.188,63.059
1625591733.4839602,2021-07-06 13:15:33.483967,205,200,0.52,3.5,36.077,36.077,243.500,704.441,63.059
1625591768.0379086,2021-07-06 13:16:08.037915,206,201,0.52,3.7,34.554,34.554,254.100,705.152,63.059
