time,datetime,step,global_step,loss,accuracy,examples_sec,sec_batch,duration,cpu,mem,net_usage
1627091148.1799097,2021-07-23 21:45:48.179920,0,0,0.89,0.078,1.7,75.103,75.103,0.000,504.074,4297617.748
1627091209.5282335,2021-07-23 21:46:49.528242,1,1,0.79,0.094,2.1,61.348,61.348,274.000,550.012,4297617.748
1627091268.6327884,2021-07-23 21:47:48.632800,2,1,0.79,0.062,2.2,59.104,59.104,275.400,600.203,4297617.748
1627091324.3627086,2021-07-23 21:48:44.362719,3,1,0.79,0.094,2.3,55.730,55.730,303.600,628.020,4297617.748
1627091386.8659549,2021-07-23 21:49:46.865963,4,1,0.79,0.078,2.0,62.503,62.503,308.400,645.535,4297617.748
1627091470.1181993,2021-07-23 21:51:10.118208,5,2,0.72,0.070,1.5,83.252,83.252,234.800,660.199,4297617.748
1627091552.191144,2021-07-23 21:52:32.191149,6,4,0.63,0.086,1.6,82.073,82.073,211.200,668.965,4297617.748
1627091635.707319,2021-07-23 21:53:55.707328,7,6,0.58,0.070,1.5,83.516,83.516,214.600,686.230,4297617.748
1627091719.052097,2021-07-23 21:55:19.052106,8,8,0.55,0.055,1.5,83.344,83.344,210.300,694.676,4297617.748
1627091800.95438,2021-07-23 21:56:40.954389,9,10,0.54,0.094,1.6,81.902,81.902,215.100,695.031,4297617.748
1627091885.139034,2021-07-23 21:58:05.139043,10,12,0.53,0.078,1.5,84.184,84.184,212.500,694.145,4297617.748
1627091967.2423337,2021-07-23 21:59:27.242343,11,14,0.53,0.109,1.6,82.103,82.103,214.300,691.516,4297617.748
1627092050.482908,2021-07-23 22:00:50.482917,12,16,0.53,0.125,1.5,83.240,83.240,212.500,693.848,4297617.748
1627092133.9065933,2021-07-23 22:02:13.906602,13,18,0.52,0.133,1.5,83.423,83.423,212.800,699.816,4297617.748
1627092216.0489182,2021-07-23 22:03:36.048927,14,20,0.52,0.078,1.6,82.142,82.142,214.100,696.715,4297617.748
1627092306.401643,2021-07-23 22:05:06.401651,15,22,0.52,0.078,1.4,90.352,90.352,208.200,692.781,4297617.748
1627092389.2474189,2021-07-23 22:06:29.247425,16,24,0.52,0.109,1.5,82.845,82.845,202.900,698.344,4297617.748
1627092471.5428455,2021-07-23 22:07:51.542854,17,26,0.52,0.086,1.6,82.295,82.295,215.400,706.930,4297617.748
1627092552.5796294,2021-07-23 22:09:12.579638,18,28,0.52,0.086,1.6,81.036,81.036,218.000,706.305,4297617.748
1627092634.4367585,2021-07-23 22:10:34.436767,19,30,0.52,0.117,1.6,81.857,81.857,219.100,703.020,4297617.748
1627092718.0592868,2021-07-23 22:11:58.059296,20,32,0.52,0.062,1.5,83.622,83.622,216.400,705.363,4297617.748
1627092801.0005682,2021-07-23 22:13:21.000576,21,34,0.52,0.117,1.5,82.941,82.941,213.400,700.027,4297617.748
1627092883.3180501,2021-07-23 22:14:43.318059,22,36,0.52,0.133,1.6,82.317,82.317,216.300,702.574,4297617.748
1627092964.4665904,2021-07-23 22:16:04.466599,23,38,0.52,0.094,1.6,81.148,81.148,219.400,702.266,4297617.748
1627093049.4108143,2021-07-23 22:17:29.410824,24,40,0.52,0.109,1.5,84.944,84.944,208.800,703.371,4297617.748
1627093134.8016052,2021-07-23 22:18:54.801616,25,42,0.52,0.109,1.5,85.390,85.390,207.500,699.465,4297617.748
1627093215.7377305,2021-07-23 22:20:15.737739,26,44,0.52,0.125,1.6,80.936,80.936,213.500,698.324,4297617.748
1627093298.3660698,2021-07-23 22:21:38.366079,27,46,0.52,0.109,1.5,82.628,82.628,219.900,705.578,4297617.748
1627093380.457023,2021-07-23 22:23:00.457032,28,48,0.52,0.070,1.6,82.091,82.091,215.800,697.820,4297617.748
1627093462.0350616,2021-07-23 22:24:22.035070,29,50,0.52,0.133,1.6,81.578,81.578,214.300,710.410,4297617.748
1627093546.9413977,2021-07-23 22:25:46.941407,30,52,0.52,0.133,1.5,84.906,84.906,216.700,706.762,4297617.748
1627093629.1915658,2021-07-23 22:27:09.191575,31,54,0.52,0.164,1.6,82.250,82.250,208.300,707.141,4297617.748
1627093711.2658806,2021-07-23 22:28:31.265889,32,56,0.52,0.109,1.6,82.074,82.074,218.200,708.180,4297617.748
1627093792.814426,2021-07-23 22:29:52.814434,33,58,0.52,0.133,1.6,81.548,81.548,215.700,702.883,4297617.748
1627093876.931384,2021-07-23 22:31:16.931393,34,60,0.52,0.086,1.5,84.117,84.117,212.900,702.406,4297617.748
1627093958.6482782,2021-07-23 22:32:38.648287,35,62,0.52,0.094,1.6,81.717,81.717,211.500,706.723,4297617.748
1627094043.8186493,2021-07-23 22:34:03.818671,36,64,0.52,0.125,1.5,85.170,85.170,215.400,705.570,4297617.748
1627094125.7487288,2021-07-23 22:35:25.748738,37,66,0.52,0.094,1.6,81.930,81.930,211.400,705.418,4297617.748
1627094209.1948044,2021-07-23 22:36:49.194814,38,68,0.52,0.086,1.5,83.446,83.446,217.500,703.754,4297617.748
1627094292.7242155,2021-07-23 22:38:12.724224,39,70,0.52,0.109,1.5,83.529,83.529,207.200,713.156,4297617.748
1627094372.2342849,2021-07-23 22:39:32.234293,40,72,0.52,0.086,1.6,79.510,79.510,222.300,708.457,4297617.748
1627094458.9173994,2021-07-23 22:40:58.917409,41,74,0.52,0.078,1.5,86.683,86.683,211.300,708.074,4297617.748
1627094541.5382142,2021-07-23 22:42:21.538224,42,76,0.52,0.094,1.5,82.620,82.620,207.600,710.156,4297617.748
1627094625.218005,2021-07-23 22:43:45.218011,43,78,0.52,0.055,1.5,83.679,83.679,215.300,705.930,4297617.748
1627094707.5260298,2021-07-23 22:45:07.526039,44,80,0.52,0.125,1.6,82.308,82.308,211.700,706.230,4297617.748
1627094791.6592343,2021-07-23 22:46:31.659243,45,82,0.52,0.125,1.5,84.133,84.133,214.900,708.582,4297617.748
1627094877.4661338,2021-07-23 22:47:57.466139,46,84,0.52,0.141,1.5,85.807,85.807,211.400,705.082,4297617.748
1627094961.509458,2021-07-23 22:49:21.509467,47,86,0.52,0.094,1.5,84.043,84.043,203.800,708.465,4297617.748
1627095045.7248814,2021-07-23 22:50:45.724890,48,88,0.52,0.117,1.5,84.215,84.215,217.700,704.793,4297617.748
1627095130.8014886,2021-07-23 22:52:10.801499,49,90,0.52,0.117,1.5,85.076,85.076,211.600,702.594,4297617.748
1627095215.5190077,2021-07-23 22:53:35.519017,50,92,0.52,0.109,1.5,84.717,84.717,204.300,706.676,4297617.748
1627095300.7171783,2021-07-23 22:55:00.717188,51,94,0.52,0.125,1.5,85.198,85.198,209.100,705.539,4297617.748
1627095383.34895,2021-07-23 22:56:23.348959,52,96,0.52,0.094,1.5,82.631,82.631,212.400,708.539,4297617.748
1627095469.1434314,2021-07-23 22:57:49.143440,53,98,0.52,0.086,1.5,85.794,85.794,216.000,707.012,4297617.748
1627095556.5049496,2021-07-23 22:59:16.504958,54,100,0.52,0.062,1.5,87.361,87.361,196.400,706.570,4297617.748
1627095640.8551912,2021-07-23 23:00:40.855201,55,102,0.52,0.062,1.5,84.350,84.350,215.500,708.734,4297617.748
1627095725.7665036,2021-07-23 23:02:05.766512,56,104,0.52,0.133,1.5,84.911,84.911,203.100,710.859,4297617.748
1627095808.819865,2021-07-23 23:03:28.819871,57,106,0.52,0.094,1.5,83.053,83.053,217.000,706.855,4297617.748
1627095891.7453878,2021-07-23 23:04:51.745396,58,108,0.52,0.094,1.5,82.925,82.925,213.500,707.230,4297617.748
1627095976.327488,2021-07-23 23:06:16.327497,59,110,0.52,0.078,1.5,84.582,84.582,207.200,709.605,4297617.748
1627096059.1378484,2021-07-23 23:07:39.137857,60,112,0.52,0.094,1.5,82.810,82.810,216.600,709.586,4297617.748
1627096142.1096518,2021-07-23 23:09:02.109675,61,114,0.52,0.117,1.5,82.971,82.971,214.900,708.996,4297617.748
1627096225.7616851,2021-07-23 23:10:25.761692,62,116,0.52,0.102,1.5,83.652,83.652,209.800,712.508,4297617.748
1627096306.7548366,2021-07-23 23:11:46.754845,63,118,0.52,0.086,1.6,80.993,80.993,217.900,708.527,4297617.748
1627096388.7393446,2021-07-23 23:13:08.739355,64,120,0.52,0.133,1.6,81.984,81.984,221.700,712.496,4297617.748
1627096473.644425,2021-07-23 23:14:33.644434,65,122,0.52,0.109,1.5,84.905,84.905,208.500,712.277,4297617.750
1627096557.027539,2021-07-23 23:15:57.027548,66,124,0.52,0.070,1.5,83.383,83.383,210.100,709.270,4297617.850
1627096644.6563632,2021-07-23 23:17:24.656372,67,126,0.52,0.109,1.5,87.628,87.628,202.000,710.742,4297617.850
1627096729.654355,2021-07-23 23:18:49.654363,68,128,0.52,0.102,1.5,84.998,84.998,212.400,710.273,4297617.850
1627096816.275032,2021-07-23 23:20:16.275041,69,130,0.52,0.078,1.5,86.620,86.620,204.700,709.859,4297617.850
1627096898.6312888,2021-07-23 23:21:38.631297,70,132,0.52,0.078,1.6,82.356,82.356,211.500,712.352,4297617.850
