time,datetime,step,global_step,loss,examples_sec,sec_batch,duration,cpu,mem,net_usage
1625594166.9294357,2021-07-06 13:56:06.929441,0,0,2.63,44.5,2.876,2.876,0.000,914.648,9.479
1625594168.949791,2021-07-06 13:56:08.949795,1,0,2.66,63.4,2.020,2.020,889.000,989.562,9.479
1625594170.963028,2021-07-06 13:56:10.963032,2,1,2.63,63.6,2.013,2.013,891.600,1004.570,9.479
1625594173.1378615,2021-07-06 13:56:13.137865,3,1,2.64,58.9,2.175,2.175,821.700,1080.551,9.479
1625594175.1169522,2021-07-06 13:56:15.116956,4,1,2.63,64.7,1.979,1.979,899.400,1091.574,9.479
1625594177.1151793,2021-07-06 13:56:17.115183,5,1,2.61,64.1,1.998,1.998,897.800,1099.191,9.479
1625594179.9077015,2021-07-06 13:56:19.907707,6,1,2.53,45.8,2.792,2.792,642.400,1171.641,9.479
1625594182.0257394,2021-07-06 13:56:22.025743,7,2,2.59,60.4,2.118,2.118,857.400,1215.566,9.479
1625594184.2752366,2021-07-06 13:56:24.275241,8,3,2.49,56.9,2.249,2.249,798.000,1240.969,9.479
1625594186.4258382,2021-07-06 13:56:26.425843,9,4,2.54,59.5,2.150,2.150,841.200,1249.871,9.479
1625594188.6296964,2021-07-06 13:56:28.629700,10,5,2.56,58.1,2.204,2.204,821.300,1249.793,9.479
1625594190.8249705,2021-07-06 13:56:30.824974,11,6,2.49,58.3,2.195,2.195,809.500,1260.188,9.479
1625594192.9903302,2021-07-06 13:56:32.990335,12,7,2.52,59.1,2.165,2.165,835.000,1282.059,9.479
1625594195.1814444,2021-07-06 13:56:35.181448,13,8,2.43,58.4,2.191,2.191,813.300,1280.754,9.479
1625594197.4109821,2021-07-06 13:56:37.410987,14,9,2.40,57.4,2.229,2.229,791.700,1313.812,9.479
1625594199.6318836,2021-07-06 13:56:39.631888,15,10,2.42,57.6,2.221,2.221,810.500,1312.051,9.479
1625594201.8137631,2021-07-06 13:56:41.813767,16,11,2.35,58.7,2.182,2.182,822.200,1318.516,9.479
1625594204.051669,2021-07-06 13:56:44.051673,17,12,2.44,57.2,2.238,2.238,791.800,1322.141,9.479
1625594206.3050337,2021-07-06 13:56:46.305038,18,13,2.37,56.8,2.253,2.253,805.900,1325.555,9.479
1625594208.4855945,2021-07-06 13:56:48.485599,19,14,2.37,58.7,2.180,2.180,810.800,1320.645,9.479
1625594210.6581886,2021-07-06 13:56:50.658192,20,15,2.36,58.9,2.172,2.172,831.700,1323.332,9.479
1625594212.883196,2021-07-06 13:56:52.883200,21,16,2.34,57.5,2.225,2.225,850.800,1324.590,9.479
1625594215.108669,2021-07-06 13:56:55.108672,22,17,2.33,57.5,2.225,2.225,816.500,1326.633,9.479
1625594217.3358352,2021-07-06 13:56:57.335840,23,18,2.32,57.5,2.227,2.227,807.300,1324.723,9.479
1625594219.529265,2021-07-06 13:56:59.529269,24,19,2.34,58.4,2.193,2.193,817.900,1323.895,9.479
1625594221.7554164,2021-07-06 13:57:01.755420,25,20,2.26,57.5,2.226,2.226,821.600,1324.449,9.479
1625594223.8826153,2021-07-06 13:57:03.882619,26,21,2.32,60.2,2.127,2.127,865.500,1327.465,9.479
1625594226.0773995,2021-07-06 13:57:06.077404,27,22,2.26,58.3,2.195,2.195,819.700,1327.090,9.479
1625594228.2267902,2021-07-06 13:57:08.226795,28,23,2.28,59.6,2.149,2.149,820.300,1324.391,9.479
1625594230.4322774,2021-07-06 13:57:10.432282,29,24,2.22,58.0,2.205,2.205,816.600,1325.703,9.479
1625594232.649743,2021-07-06 13:57:12.649748,30,25,2.30,57.7,2.217,2.217,807.200,1322.508,9.479
1625594234.853127,2021-07-06 13:57:14.853131,31,26,2.26,58.1,2.203,2.203,831.900,1323.574,9.479
1625594237.0552971,2021-07-06 13:57:17.055301,32,27,2.27,58.1,2.202,2.202,824.200,1323.262,9.479
1625594239.295099,2021-07-06 13:57:19.295104,33,28,2.21,57.2,2.240,2.240,819.700,1325.242,9.479
1625594241.4964569,2021-07-06 13:57:21.496461,34,29,2.32,58.2,2.201,2.201,824.500,1325.520,9.479
1625594243.716304,2021-07-06 13:57:23.716309,35,30,2.32,57.7,2.220,2.220,804.600,1324.527,9.479
1625594245.9284675,2021-07-06 13:57:25.928472,36,31,2.22,57.9,2.212,2.212,812.300,1323.496,9.479
1625594248.1072862,2021-07-06 13:57:28.107290,37,32,2.18,58.8,2.179,2.179,816.900,1335.816,9.479
1625594250.3027103,2021-07-06 13:57:30.302714,38,33,2.15,58.3,2.195,2.195,824.900,1337.613,9.479
1625594252.438176,2021-07-06 13:57:32.438183,39,34,2.27,59.9,2.135,2.135,840.600,1336.992,9.479
1625594254.5893142,2021-07-06 13:57:34.589318,40,35,2.25,59.5,2.151,2.151,840.500,1336.156,9.479
1625594256.7495954,2021-07-06 13:57:36.749600,41,36,2.15,59.3,2.160,2.160,837.400,1335.832,9.479
1625594258.9190695,2021-07-06 13:57:38.919074,42,37,2.23,59.0,2.169,2.169,821.400,1331.691,9.479
1625594261.1219947,2021-07-06 13:57:41.122000,43,38,2.21,58.1,2.203,2.203,822.100,1335.707,9.479
1625594263.3220963,2021-07-06 13:57:43.322102,44,39,2.14,58.2,2.200,2.200,810.400,1335.605,9.479
1625594265.5325036,2021-07-06 13:57:45.532507,45,40,2.22,57.9,2.210,2.210,826.100,1332.930,9.479
1625594267.7148697,2021-07-06 13:57:47.714874,46,41,2.11,58.7,2.182,2.182,858.200,1332.734,9.479
1625594269.9261737,2021-07-06 13:57:49.926178,47,42,2.16,57.9,2.211,2.211,810.800,1330.352,9.479
1625594272.1530716,2021-07-06 13:57:52.153076,48,43,2.13,57.5,2.227,2.227,817.300,1332.289,9.479
1625594274.3720145,2021-07-06 13:57:54.372018,49,44,2.14,57.7,2.219,2.219,795.900,1334.262,9.479
1625594276.563478,2021-07-06 13:57:56.563482,50,45,2.22,58.4,2.191,2.191,831.000,1335.508,9.479
1625594278.8232067,2021-07-06 13:57:58.823211,51,46,2.18,56.6,2.260,2.260,811.200,1337.723,9.479
1625594281.068764,2021-07-06 13:58:01.068768,52,47,2.18,57.0,2.245,2.245,803.400,1335.289,9.479
1625594283.2991953,2021-07-06 13:58:03.299199,53,48,2.22,57.4,2.230,2.230,804.300,1334.133,9.479
1625594285.4262643,2021-07-06 13:58:05.426268,54,49,2.09,60.2,2.127,2.127,833.100,1334.125,9.479
1625594287.644323,2021-07-06 13:58:07.644328,55,50,2.09,57.7,2.218,2.218,829.600,1335.438,9.479
1625594289.8360555,2021-07-06 13:58:09.836059,56,51,2.08,58.4,2.192,2.192,832.700,1330.309,9.479
1625594292.0067995,2021-07-06 13:58:12.006803,57,52,2.13,59.0,2.171,2.171,824.100,1332.277,9.479
1625594294.147243,2021-07-06 13:58:14.147247,58,53,2.13,59.8,2.140,2.140,847.500,1332.223,9.479
1625594296.389136,2021-07-06 13:58:16.389140,59,54,2.19,57.1,2.242,2.242,795.300,1333.762,9.479
1625594298.6013079,2021-07-06 13:58:18.601312,60,55,2.04,57.9,2.212,2.212,810.100,1335.547,9.479
1625594300.8415053,2021-07-06 13:58:20.841510,61,56,2.13,57.1,2.240,2.240,817.800,1335.312,9.479
1625594302.9606292,2021-07-06 13:58:22.960634,62,57,2.11,60.4,2.119,2.119,852.700,1333.395,9.479
1625594305.1809454,2021-07-06 13:58:25.180949,63,58,2.11,57.7,2.220,2.220,815.600,1332.191,9.479
1625594307.3785918,2021-07-06 13:58:27.378595,64,59,2.05,58.2,2.197,2.197,835.400,1335.230,9.479
1625594309.5246103,2021-07-06 13:58:29.524615,65,60,2.11,59.7,2.146,2.146,842.100,1333.406,9.479
1625594311.6700542,2021-07-06 13:58:31.670058,66,61,2.05,59.7,2.145,2.145,808.700,1334.621,9.479
1625594313.8290536,2021-07-06 13:58:33.829058,67,62,2.09,59.3,2.159,2.159,818.400,1335.832,9.479
1625594316.0017066,2021-07-06 13:58:36.001710,68,63,2.15,58.9,2.172,2.172,831.700,1335.793,9.479
1625594318.2659755,2021-07-06 13:58:38.265979,69,64,2.04,56.5,2.264,2.264,824.100,1336.715,9.479
1625594320.4652815,2021-07-06 13:58:40.465285,70,65,2.15,58.2,2.199,2.199,793.000,1336.480,9.479
1625594322.6755738,2021-07-06 13:58:42.675577,71,66,2.02,57.9,2.210,2.210,853.300,1335.309,9.479
1625594324.9266593,2021-07-06 13:58:44.926663,72,67,2.06,56.9,2.251,2.251,835.600,1331.941,9.480
1625594327.0932994,2021-07-06 13:58:47.093303,73,68,2.15,59.1,2.166,2.166,881.100,1333.738,9.480
1625594329.422272,2021-07-06 13:58:49.422276,74,69,2.09,55.0,2.329,2.329,810.600,1335.078,9.480
1625594331.6097934,2021-07-06 13:58:51.609799,75,70,2.02,58.5,2.187,2.187,837.500,1334.652,9.480
1625594333.807607,2021-07-06 13:58:53.807611,76,71,2.08,58.2,2.198,2.198,850.800,1335.520,9.480
1625594336.1600583,2021-07-06 13:58:56.160062,77,72,2.05,54.4,2.352,2.352,802.100,1337.113,9.480
1625594338.3502223,2021-07-06 13:58:58.350226,78,73,2.05,58.4,2.190,2.190,694.900,1335.820,9.480
1625594340.5820613,2021-07-06 13:59:00.582065,79,74,1.95,57.4,2.232,2.232,805.200,1333.598,9.480
1625594342.7717412,2021-07-06 13:59:02.771745,80,75,2.04,58.5,2.190,2.190,818.800,1334.250,9.480
1625594344.9269161,2021-07-06 13:59:04.926921,81,76,1.98,59.4,2.155,2.155,841.200,1332.016,9.480
1625594347.158862,2021-07-06 13:59:07.158867,82,77,2.04,57.4,2.232,2.232,816.300,1332.758,9.480
1625594349.2936199,2021-07-06 13:59:09.293625,83,78,2.00,60.0,2.135,2.135,842.200,1334.391,9.480
1625594351.4597554,2021-07-06 13:59:11.459762,84,79,1.99,59.1,2.166,2.166,846.700,1333.223,9.480
1625594353.6462626,2021-07-06 13:59:13.646267,85,80,1.97,58.6,2.186,2.186,820.900,1336.910,9.580
1625594355.9165597,2021-07-06 13:59:15.916564,86,81,1.97,56.4,2.270,2.270,791.500,1335.559,9.580
1625594358.120135,2021-07-06 13:59:18.120139,87,82,1.92,58.1,2.203,2.203,810.000,1336.070,9.580
1625594360.2393415,2021-07-06 13:59:20.239345,88,83,2.04,60.4,2.119,2.119,852.200,1333.945,9.580
1625594362.481936,2021-07-06 13:59:22.481940,89,84,1.96,57.1,2.242,2.242,795.500,1332.781,9.580
1625594364.6783712,2021-07-06 13:59:24.678376,90,85,1.99,58.3,2.196,2.196,820.900,1332.598,9.580
1625594366.7820678,2021-07-06 13:59:26.782072,91,86,1.96,60.9,2.104,2.104,856.600,1334.629,9.580
1625594368.9553623,2021-07-06 13:59:28.955367,92,87,1.95,58.9,2.173,2.173,858.200,1333.672,9.580
1625594371.1702743,2021-07-06 13:59:31.170279,93,88,2.00,57.8,2.215,2.215,822.100,1333.324,9.580
1625594373.3535972,2021-07-06 13:59:33.353601,94,89,1.94,58.6,2.183,2.183,823.100,1334.250,9.580
1625594375.588659,2021-07-06 13:59:35.588663,95,90,2.04,57.3,2.235,2.235,807.600,1334.676,9.580
1625594377.72603,2021-07-06 13:59:37.726034,96,91,1.87,59.9,2.137,2.137,834.200,1337.016,9.580
1625594379.9119275,2021-07-06 13:59:39.911932,97,92,2.06,58.6,2.186,2.186,828.500,1333.137,9.580
1625594382.1006584,2021-07-06 13:59:42.100662,98,93,1.91,58.5,2.189,2.189,858.900,1334.996,9.580
1625594384.282374,2021-07-06 13:59:44.282378,99,94,1.95,58.7,2.181,2.181,816.300,1333.297,9.580
1625594386.4456742,2021-07-06 13:59:46.445678,100,95,1.98,59.2,2.163,2.163,819.600,1333.574,9.580
1625594388.6048017,2021-07-06 13:59:48.604805,101,96,1.94,59.3,2.159,2.159,817.000,1334.867,9.580
1625594390.7459743,2021-07-06 13:59:50.745981,102,97,1.89,59.8,2.141,2.141,848.700,1335.082,9.580
1625594392.9360254,2021-07-06 13:59:52.936029,103,98,1.93,58.5,2.190,2.190,811.800,1335.391,9.580
1625594395.1595216,2021-07-06 13:59:55.159525,104,99,1.93,57.6,2.223,2.223,810.900,1333.371,9.580
1625594397.3824687,2021-07-06 13:59:57.382473,105,100,2.02,57.6,2.223,2.223,812.900,1335.527,9.580
1625594399.612637,2021-07-06 13:59:59.612647,106,101,1.88,57.4,2.230,2.230,797.700,1337.055,9.580
1625594401.8779836,2021-07-06 14:00:01.877987,107,102,1.94,56.5,2.265,2.265,799.400,1337.785,9.580
1625594404.0609188,2021-07-06 14:00:04.060924,108,103,1.90,58.6,2.183,2.183,818.200,1337.305,9.580
1625594406.238986,2021-07-06 14:00:06.238991,109,104,1.95,58.8,2.178,2.178,826.400,1339.129,9.580
1625594408.4268994,2021-07-06 14:00:08.426904,110,105,1.85,58.5,2.188,2.188,833.700,1337.648,9.580
1625594410.6050599,2021-07-06 14:00:10.605064,111,106,1.89,58.8,2.178,2.178,837.900,1335.559,9.580
1625594412.8068326,2021-07-06 14:00:12.806836,112,107,1.87,58.1,2.202,2.202,813.000,1335.629,9.580
1625594414.944213,2021-07-06 14:00:14.944217,113,108,1.89,59.9,2.137,2.137,837.000,1334.895,9.580
1625594417.1183367,2021-07-06 14:00:17.118341,114,109,1.90,58.9,2.174,2.174,823.800,1331.672,9.580
1625594419.3613226,2021-07-06 14:00:19.361327,115,110,1.95,57.1,2.243,2.243,817.200,1334.781,9.580
1625594421.5411956,2021-07-06 14:00:21.541199,116,111,2.00,58.7,2.180,2.180,824.800,1334.855,9.580
1625594423.7013087,2021-07-06 14:00:23.701312,117,112,1.87,59.3,2.160,2.160,830.500,1335.977,9.580
1625594425.8923986,2021-07-06 14:00:25.892403,118,113,1.94,58.4,2.191,2.191,850.700,1332.922,9.580
1625594428.0813713,2021-07-06 14:00:28.081375,119,114,1.98,58.5,2.189,2.189,819.600,1333.562,9.580
1625594430.207145,2021-07-06 14:00:30.207149,120,115,1.87,60.2,2.126,2.126,843.000,1333.574,9.580
1625594432.3569133,2021-07-06 14:00:32.356917,121,116,1.81,59.5,2.150,2.150,841.500,1332.809,9.580
1625594434.547437,2021-07-06 14:00:34.547442,122,117,1.89,58.4,2.190,2.190,839.100,1333.453,9.580
1625594436.7818246,2021-07-06 14:00:36.781829,123,118,1.84,57.3,2.234,2.234,803.400,1333.523,9.580
1625594438.9965584,2021-07-06 14:00:38.996565,124,119,2.02,57.8,2.215,2.215,815.000,1335.336,9.580
1625594441.2245522,2021-07-06 14:00:41.224556,125,120,1.77,57.5,2.228,2.228,795.300,1336.781,9.580
1625594443.4551647,2021-07-06 14:00:43.455169,126,121,1.77,57.4,2.230,2.230,811.400,1337.332,9.580
1625594445.654219,2021-07-06 14:00:45.654223,127,122,1.96,58.2,2.199,2.199,820.800,1336.387,9.580
1625594447.8728406,2021-07-06 14:00:47.872845,128,123,1.94,57.7,2.218,2.218,826.600,1335.754,9.580
1625594450.098908,2021-07-06 14:00:50.098912,129,124,1.88,57.5,2.226,2.226,811.700,1336.004,9.580
1625594452.2615016,2021-07-06 14:00:52.261506,130,125,1.82,59.2,2.162,2.162,834.600,1335.051,9.580
1625594454.4268484,2021-07-06 14:00:54.426853,131,126,1.99,59.1,2.165,2.165,840.500,1338.309,9.580
1625594456.623872,2021-07-06 14:00:56.623880,132,127,2.05,58.3,2.197,2.197,838.500,1338.586,9.580
1625594458.813148,2021-07-06 14:00:58.813151,133,128,1.98,58.5,2.189,2.189,827.600,1337.566,9.580
1625594461.0507433,2021-07-06 14:01:01.050749,134,129,1.99,57.2,2.237,2.237,819.200,1337.379,9.580
1625594463.2568817,2021-07-06 14:01:03.256886,135,130,1.86,58.0,2.206,2.206,803.600,1337.992,9.580
1625594465.4174974,2021-07-06 14:01:05.417501,136,131,1.95,59.3,2.160,2.160,832.200,1336.781,9.580
1625594467.5916522,2021-07-06 14:01:07.591660,137,132,1.80,58.9,2.174,2.174,843.600,1332.930,9.580
1625594469.7658584,2021-07-06 14:01:09.765863,138,133,1.88,58.9,2.174,2.174,837.500,1333.531,9.580
1625594471.9429715,2021-07-06 14:01:11.942975,139,134,1.86,58.8,2.177,2.177,826.300,1331.402,9.580
1625594474.1616182,2021-07-06 14:01:14.161623,140,135,1.97,57.7,2.218,2.218,814.000,1333.094,9.580
1625594476.401634,2021-07-06 14:01:16.401643,141,136,2.00,57.1,2.240,2.240,800.900,1333.031,9.580
1625594478.6354604,2021-07-06 14:01:18.635464,142,137,1.86,57.3,2.234,2.234,804.400,1335.215,9.580
1625594480.816475,2021-07-06 14:01:20.816479,143,138,1.80,58.7,2.181,2.181,828.100,1332.879,9.580
1625594483.0189006,2021-07-06 14:01:23.018904,144,139,1.91,58.1,2.202,2.202,823.200,1331.727,9.580
1625594485.2890387,2021-07-06 14:01:25.289043,145,140,1.93,56.4,2.270,2.270,804.400,1331.738,9.580
1625594487.4680262,2021-07-06 14:01:27.468030,146,141,1.84,58.7,2.179,2.179,826.100,1333.461,9.580
1625594489.697226,2021-07-06 14:01:29.697230,147,142,1.67,57.4,2.229,2.229,815.500,1334.055,9.580
1625594491.8934243,2021-07-06 14:01:31.893428,148,143,1.79,58.3,2.196,2.196,808.700,1336.547,9.580
1625594494.1262696,2021-07-06 14:01:34.126273,149,144,1.97,57.3,2.233,2.233,793.200,1335.836,9.580
1625594496.424756,2021-07-06 14:01:36.424759,150,145,1.70,55.7,2.298,2.298,805.300,1334.500,9.580
1625594498.5833693,2021-07-06 14:01:38.583373,151,146,1.78,59.3,2.158,2.158,845.900,1332.113,9.580
1625594500.7952611,2021-07-06 14:01:40.795266,152,147,1.81,57.9,2.212,2.212,809.300,1333.133,9.580
1625594503.0003078,2021-07-06 14:01:43.000312,153,148,1.88,58.1,2.205,2.205,824.000,1334.098,9.580
1625594505.2041125,2021-07-06 14:01:45.204116,154,149,1.89,58.1,2.204,2.204,814.000,1333.934,9.580
1625594507.417574,2021-07-06 14:01:47.417579,155,150,1.81,57.8,2.213,2.213,837.600,1332.676,9.580
1625594509.61236,2021-07-06 14:01:49.612364,156,151,1.84,58.3,2.195,2.195,825.600,1335.059,9.580
1625594511.8328211,2021-07-06 14:01:51.832826,157,152,1.93,57.7,2.220,2.220,797.600,1333.766,9.580
1625594513.9492402,2021-07-06 14:01:53.949244,158,153,1.87,60.5,2.116,2.116,851.000,1333.480,9.580
1625594516.1655304,2021-07-06 14:01:56.165539,159,154,1.88,57.8,2.216,2.216,835.300,1336.379,9.580
1625594518.3307548,2021-07-06 14:01:58.330759,160,155,1.94,59.1,2.165,2.165,838.200,1334.434,9.580
1625594520.5504968,2021-07-06 14:02:00.550501,161,156,1.77,57.7,2.220,2.220,802.800,1332.680,9.580
1625594522.8313856,2021-07-06 14:02:02.831389,162,157,1.79,56.1,2.281,2.281,786.100,1335.906,9.580
1625594524.9981456,2021-07-06 14:02:04.998151,163,158,1.79,59.1,2.167,2.167,839.100,1334.242,9.580
1625594527.1004162,2021-07-06 14:02:07.100421,164,159,2.00,60.9,2.102,2.102,872.400,1333.793,9.580
1625594529.3545854,2021-07-06 14:02:09.354589,165,160,1.82,56.8,2.254,2.254,814.500,1334.223,9.580
1625594531.4918494,2021-07-06 14:02:11.491853,166,161,1.85,59.9,2.137,2.137,831.900,1334.344,9.580
1625594533.7321105,2021-07-06 14:02:13.732115,167,162,2.00,57.1,2.240,2.240,793.200,1334.422,9.580
1625594535.8950114,2021-07-06 14:02:15.895016,168,163,1.82,59.2,2.163,2.163,838.700,1334.457,9.580
1625594538.0635061,2021-07-06 14:02:18.063511,169,164,1.71,59.0,2.168,2.168,839.300,1334.695,9.580
1625594540.3124926,2021-07-06 14:02:20.312496,170,165,1.87,56.9,2.249,2.249,804.800,1334.027,9.580
1625594542.4452024,2021-07-06 14:02:22.445207,171,166,1.87,60.0,2.133,2.133,861.300,1334.004,9.580
1625594544.6435955,2021-07-06 14:02:24.643599,172,167,1.85,58.2,2.198,2.198,808.800,1335.531,9.580
1625594546.8290324,2021-07-06 14:02:26.829037,173,168,1.85,58.6,2.185,2.185,818.600,1333.844,9.580
1625594549.0743651,2021-07-06 14:02:29.074372,174,169,1.87,57.0,2.245,2.245,804.400,1334.801,9.580
1625594551.2188306,2021-07-06 14:02:31.218835,175,170,1.73,59.9,2.138,2.138,839.700,1335.168,9.580
1625594553.3473263,2021-07-06 14:02:33.347331,176,171,1.77,60.1,2.128,2.128,840.000,1335.934,9.580
1625594555.5897963,2021-07-06 14:02:35.589800,177,172,1.87,57.1,2.242,2.242,803.600,1335.762,9.580
1625594557.7268603,2021-07-06 14:02:37.726864,178,173,1.76,59.9,2.137,2.137,853.000,1332.266,9.580
1625594559.9496138,2021-07-06 14:02:39.949618,179,174,1.84,57.6,2.223,2.223,826.000,1334.496,9.580
1625594562.170093,2021-07-06 14:02:42.170098,180,175,1.80,57.7,2.220,2.220,808.800,1334.715,9.580
1625594564.3637393,2021-07-06 14:02:44.363743,181,176,1.86,58.4,2.193,2.193,806.900,1336.371,9.580
1625594566.600935,2021-07-06 14:02:46.600939,182,177,1.81,57.2,2.237,2.237,788.500,1333.285,9.580
1625594568.7815313,2021-07-06 14:02:48.781535,183,178,1.88,58.7,2.180,2.180,824.500,1334.680,9.580
1625594571.0256066,2021-07-06 14:02:51.025615,184,179,1.84,57.0,2.244,2.244,810.700,1335.285,9.580
1625594573.1782556,2021-07-06 14:02:53.178259,185,180,1.94,59.8,2.140,2.140,840.300,1335.496,9.580
1625594575.3377979,2021-07-06 14:02:55.337801,186,181,1.71,59.3,2.159,2.159,819.200,1333.262,9.580
1625594577.5505571,2021-07-06 14:02:57.550561,187,182,1.81,57.9,2.213,2.213,795.400,1335.059,9.580
1625594579.7348144,2021-07-06 14:02:59.734819,188,183,1.94,58.6,2.184,2.184,819.000,1333.629,9.580
1625594581.913895,2021-07-06 14:03:01.913898,189,184,1.92,58.7,2.179,2.179,821.000,1332.359,9.580
1625594584.0344024,2021-07-06 14:03:04.034407,190,185,1.85,60.4,2.120,2.120,860.200,1333.430,9.580
1625594586.2298548,2021-07-06 14:03:06.229859,191,186,1.72,58.3,2.195,2.195,830.300,1334.012,9.580
1625594588.4183571,2021-07-06 14:03:08.418361,192,187,1.77,58.5,2.188,2.188,809.200,1336.496,9.580
1625594590.666455,2021-07-06 14:03:10.666459,193,188,1.90,56.9,2.248,2.248,796.700,1334.719,9.580
1625594592.85726,2021-07-06 14:03:12.857267,194,189,1.79,58.4,2.191,2.191,837.700,1334.293,9.580
1625594594.974976,2021-07-06 14:03:14.974980,195,190,1.92,60.6,2.113,2.113,855.100,1333.879,9.580
1625594597.131699,2021-07-06 14:03:17.131703,196,191,1.88,59.4,2.157,2.157,835.100,1334.949,9.580
1625594599.2723944,2021-07-06 14:03:19.272399,197,192,1.79,59.8,2.141,2.141,827.300,1336.457,9.580
1625594601.4760363,2021-07-06 14:03:21.476041,198,193,1.81,58.1,2.203,2.203,830.500,1335.848,9.580
1625594603.6603446,2021-07-06 14:03:23.660348,199,194,1.80,58.6,2.184,2.184,836.000,1334.684,9.580
1625594605.940228,2021-07-06 14:03:25.940232,200,195,1.75,56.1,2.280,2.280,795.700,1334.105,9.580
1625594608.117412,2021-07-06 14:03:28.117416,201,196,1.83,58.8,2.177,2.177,829.500,1335.176,9.580
1625594610.3574886,2021-07-06 14:03:30.357493,202,197,1.94,57.1,2.240,2.240,812.900,1333.562,9.580
1625594612.5992785,2021-07-06 14:03:32.599282,203,198,1.71,57.1,2.242,2.242,819.400,1334.723,9.580
1625594614.7913518,2021-07-06 14:03:34.791356,204,199,1.80,58.4,2.192,2.192,825.700,1333.086,9.580
1625594617.034804,2021-07-06 14:03:37.034808,205,200,1.85,57.1,2.243,2.243,812.600,1333.441,9.580
1625594619.18397,2021-07-06 14:03:39.183974,206,201,1.73,59.6,2.149,2.149,838.000,1335.016,9.580
1625594621.324793,2021-07-06 14:03:41.324797,207,202,1.92,59.8,2.141,2.141,851.100,1334.469,9.580
1625594623.5242975,2021-07-06 14:03:43.524301,208,203,1.77,58.2,2.199,2.199,820.200,1335.570,9.580
1625594625.7330542,2021-07-06 14:03:45.733059,209,204,1.78,58.0,2.209,2.209,813.600,1336.090,9.580
1625594628.020805,2021-07-06 14:03:48.020809,210,205,1.75,56.0,2.288,2.288,807.300,1337.520,9.580
1625594630.1996117,2021-07-06 14:03:50.199616,211,206,1.77,58.8,2.179,2.179,825.700,1335.914,9.580
1625594632.3916464,2021-07-06 14:03:52.391651,212,207,1.78,58.4,2.192,2.192,823.000,1334.086,9.580
1625594634.5730686,2021-07-06 14:03:54.573073,213,208,1.72,58.7,2.181,2.181,825.600,1337.172,9.580
1625594636.7330246,2021-07-06 14:03:56.733028,214,209,1.72,59.3,2.160,2.160,839.800,1338.070,9.580
1625594638.983509,2021-07-06 14:03:58.983514,215,210,1.71,56.9,2.250,2.250,808.300,1336.152,9.580
1625594641.1658354,2021-07-06 14:04:01.165840,216,211,1.84,58.7,2.182,2.182,821.100,1334.434,9.580
1625594643.3303902,2021-07-06 14:04:03.330398,217,212,1.70,59.1,2.164,2.164,844.100,1334.016,9.580
1625594645.515198,2021-07-06 14:04:05.515202,218,213,1.76,58.6,2.184,2.184,835.200,1334.707,9.580
1625594647.6722388,2021-07-06 14:04:07.672243,219,214,1.84,59.3,2.157,2.157,837.300,1333.652,9.580
1625594649.930926,2021-07-06 14:04:09.930930,220,215,1.79,56.7,2.259,2.259,789.800,1335.574,9.580
1625594652.083593,2021-07-06 14:04:12.083597,221,216,1.81,59.5,2.153,2.153,827.300,1336.734,9.580
1625594654.270341,2021-07-06 14:04:14.270348,222,217,1.82,58.5,2.187,2.187,848.800,1337.852,9.580
1625594656.469088,2021-07-06 14:04:16.469092,223,218,1.67,58.2,2.198,2.198,820.400,1331.648,9.580
1625594658.6509902,2021-07-06 14:04:18.650994,224,219,1.83,58.7,2.182,2.182,808.900,1335.855,9.580
1625594660.8414533,2021-07-06 14:04:20.841460,225,220,1.81,58.4,2.190,2.190,805.300,1336.109,9.580
1625594663.0265956,2021-07-06 14:04:23.026599,226,221,1.79,58.6,2.185,2.185,826.400,1334.289,9.580
1625594665.216359,2021-07-06 14:04:25.216364,227,222,1.67,58.5,2.190,2.190,842.100,1335.902,9.580
1625594667.4045055,2021-07-06 14:04:27.404509,228,223,1.70,58.5,2.188,2.188,820.300,1334.961,9.580
1625594669.6426954,2021-07-06 14:04:29.642699,229,224,1.59,57.2,2.238,2.238,824.800,1335.867,9.580
1625594671.8899028,2021-07-06 14:04:31.889907,230,225,1.79,57.0,2.247,2.247,812.600,1335.621,9.580
1625594674.028062,2021-07-06 14:04:34.028067,231,226,1.68,59.9,2.138,2.138,838.600,1336.383,9.580
1625594676.2323496,2021-07-06 14:04:36.232354,232,227,1.80,58.1,2.204,2.204,828.400,1336.238,9.580
1625594678.4595172,2021-07-06 14:04:38.459521,233,228,1.80,57.5,2.227,2.227,805.500,1332.391,9.580
1625594680.6719084,2021-07-06 14:04:40.671913,234,229,1.69,57.9,2.212,2.212,812.700,1333.355,9.580
1625594682.8488488,2021-07-06 14:04:42.848855,235,230,1.78,58.8,2.177,2.177,809.400,1334.160,9.580
1625594685.0919287,2021-07-06 14:04:45.091933,236,231,1.71,57.1,2.243,2.243,798.000,1333.145,9.580
1625594687.2863395,2021-07-06 14:04:47.286344,237,232,1.74,58.3,2.194,2.194,827.100,1333.629,9.580
1625594689.4433658,2021-07-06 14:04:49.443370,238,233,1.70,59.3,2.157,2.157,821.000,1335.285,9.580
1625594691.6186676,2021-07-06 14:04:51.618673,239,234,1.83,58.8,2.175,2.175,837.200,1333.648,9.580
1625594693.8462596,2021-07-06 14:04:53.846263,240,235,1.83,57.5,2.227,2.227,798.100,1333.820,9.580
1625594695.9776113,2021-07-06 14:04:55.977616,241,236,1.74,60.1,2.131,2.131,844.500,1332.582,9.580
1625594698.1741881,2021-07-06 14:04:58.174192,242,237,1.69,58.3,2.196,2.196,833.100,1335.625,9.580
1625594700.3744824,2021-07-06 14:05:00.374486,243,238,1.78,58.2,2.200,2.200,824.000,1335.895,9.580
1625594702.5080504,2021-07-06 14:05:02.508055,244,239,1.56,60.0,2.133,2.133,845.500,1335.094,9.580
1625594704.8207183,2021-07-06 14:05:04.820722,245,240,1.74,55.4,2.312,2.312,791.300,1337.031,9.580
1625594707.0001376,2021-07-06 14:05:07.000142,246,241,1.73,58.7,2.179,2.179,834.100,1338.039,9.580
1625594709.221019,2021-07-06 14:05:09.221022,247,242,1.77,57.6,2.221,2.221,807.800,1337.391,9.580
1625594711.5084283,2021-07-06 14:05:11.508432,248,243,1.68,56.0,2.287,2.287,799.200,1337.219,9.580
1625594713.6825998,2021-07-06 14:05:13.682605,249,244,1.67,58.9,2.174,2.174,820.100,1338.719,9.580
1625594715.8370776,2021-07-06 14:05:15.837082,250,245,1.83,59.4,2.154,2.154,813.600,1340.555,9.580
1625594718.0443358,2021-07-06 14:05:18.044340,251,246,1.87,58.0,2.207,2.207,814.100,1340.082,9.580
1625594720.279719,2021-07-06 14:05:20.279726,252,247,1.71,57.3,2.235,2.235,800.400,1338.730,9.580
1625594722.4855819,2021-07-06 14:05:22.485585,253,248,1.82,58.0,2.206,2.206,846.300,1333.254,9.580
1625594724.7270443,2021-07-06 14:05:24.727048,254,249,1.73,57.1,2.241,2.241,795.000,1331.371,9.580
1625594726.9530427,2021-07-06 14:05:26.953046,255,250,1.68,57.5,2.226,2.226,822.500,1333.477,9.580
1625594729.1069934,2021-07-06 14:05:29.106997,256,251,1.78,59.4,2.154,2.154,841.300,1333.926,9.580
1625594731.3143773,2021-07-06 14:05:31.314381,257,252,1.80,58.0,2.207,2.207,819.500,1335.602,9.580
1625594733.4978316,2021-07-06 14:05:33.497836,258,253,1.71,58.6,2.183,2.183,831.700,1336.445,9.580
1625594735.7134678,2021-07-06 14:05:35.713472,259,254,1.60,57.8,2.215,2.215,821.900,1336.457,9.580
1625594737.9828014,2021-07-06 14:05:37.982806,260,255,1.79,56.4,2.269,2.269,807.700,1334.031,9.580
1625594740.1760068,2021-07-06 14:05:40.176011,261,256,1.81,58.4,2.193,2.193,811.600,1333.328,9.580
1625594742.3421483,2021-07-06 14:05:42.342152,262,257,1.85,59.1,2.166,2.166,849.400,1336.074,9.580
1625594744.5608425,2021-07-06 14:05:44.560847,263,258,1.69,57.7,2.218,2.218,809.000,1333.285,9.580
1625594746.7790906,2021-07-06 14:05:46.779095,264,259,1.83,57.7,2.218,2.218,817.300,1335.777,9.580
1625594749.0333157,2021-07-06 14:05:49.033320,265,260,1.71,56.8,2.254,2.254,803.800,1334.598,9.580
1625594751.164777,2021-07-06 14:05:51.164781,266,261,1.59,60.1,2.131,2.131,861.400,1334.375,9.580
1625594753.3409605,2021-07-06 14:05:53.340964,267,262,1.67,58.8,2.176,2.176,836.300,1336.012,9.580
1625594755.5832577,2021-07-06 14:05:55.583262,268,263,1.72,57.1,2.242,2.242,800.500,1336.121,9.580
1625594757.771818,2021-07-06 14:05:57.771822,269,264,1.65,58.5,2.188,2.188,809.700,1335.930,9.580
1625594760.0132828,2021-07-06 14:06:00.013287,270,265,1.75,57.1,2.241,2.241,820.400,1331.996,9.580
1625594762.2075515,2021-07-06 14:06:02.207557,271,266,1.65,58.3,2.194,2.194,835.800,1334.562,9.580
1625594764.4149477,2021-07-06 14:06:04.414952,272,267,1.67,58.0,2.207,2.207,832.200,1335.965,9.580
1625594766.6302843,2021-07-06 14:06:06.630289,273,268,1.72,57.8,2.215,2.215,817.500,1334.867,9.580
1625594768.885938,2021-07-06 14:06:08.885941,274,269,1.73,56.8,2.255,2.255,815.300,1335.418,9.580
1625594771.1240942,2021-07-06 14:06:11.124098,275,270,1.69,57.2,2.238,2.238,824.400,1333.672,9.580
1625594773.2768202,2021-07-06 14:06:13.276825,276,271,1.60,59.5,2.153,2.153,831.500,1335.699,9.580
1625594775.491339,2021-07-06 14:06:15.491343,277,272,1.58,57.8,2.214,2.214,830.400,1336.137,9.580
1625594777.679584,2021-07-06 14:06:17.679589,278,273,1.80,58.5,2.188,2.188,844.100,1338.316,9.580
1625594779.835875,2021-07-06 14:06:19.835879,279,274,1.74,59.4,2.156,2.156,835.200,1335.754,9.580
1625594782.027864,2021-07-06 14:06:22.027868,280,275,1.69,58.4,2.192,2.192,817.100,1337.531,9.580
1625594784.2078369,2021-07-06 14:06:24.207841,281,276,1.70,58.7,2.180,2.180,825.200,1337.656,9.580
1625594786.3850665,2021-07-06 14:06:26.385075,282,277,1.67,58.8,2.177,2.177,840.100,1336.836,9.580
1625594788.6131034,2021-07-06 14:06:28.613107,283,278,1.60,57.5,2.228,2.228,829.400,1337.691,9.580
1625594790.8513544,2021-07-06 14:06:30.851358,284,279,1.62,57.2,2.238,2.238,795.300,1334.738,9.580
1625594793.0233014,2021-07-06 14:06:33.023306,285,280,1.67,58.9,2.172,2.172,814.900,1334.414,9.580
1625594795.1647303,2021-07-06 14:06:35.164734,286,281,1.61,59.8,2.141,2.141,836.400,1335.078,9.580
1625594797.3881328,2021-07-06 14:06:37.388141,287,282,1.59,57.6,2.223,2.223,804.300,1333.598,9.580
1625594799.5728312,2021-07-06 14:06:39.572835,288,283,1.81,58.6,2.184,2.184,839.800,1334.500,9.580
1625594801.7216275,2021-07-06 14:06:41.721631,289,284,1.62,59.6,2.149,2.149,840.900,1334.875,9.580
1625594803.963287,2021-07-06 14:06:43.963291,290,285,1.75,57.1,2.241,2.241,815.900,1337.887,9.580
1625594806.21565,2021-07-06 14:06:46.215654,291,286,1.66,56.8,2.252,2.252,809.800,1337.883,9.580
1625594808.42361,2021-07-06 14:06:48.423615,292,287,1.76,58.0,2.208,2.208,828.400,1337.129,9.580
1625594810.696812,2021-07-06 14:06:50.696819,293,288,1.56,56.3,2.273,2.273,810.800,1335.680,9.580
1625594812.8584335,2021-07-06 14:06:52.858438,294,289,1.67,59.2,2.161,2.161,836.400,1332.723,9.580
1625594815.151898,2021-07-06 14:06:55.151902,295,290,1.50,55.8,2.293,2.293,800.500,1335.887,9.580
1625594817.285224,2021-07-06 14:06:57.285228,296,291,1.71,60.0,2.133,2.133,850.300,1337.012,9.580
1625594819.5045955,2021-07-06 14:06:59.504599,297,292,1.75,57.7,2.219,2.219,825.000,1335.633,9.580
1625594821.6453927,2021-07-06 14:07:01.645397,298,293,1.74,59.8,2.141,2.141,861.400,1336.578,9.580
1625594823.834264,2021-07-06 14:07:03.834271,299,294,1.56,58.5,2.189,2.189,825.600,1332.238,9.580
1625594826.0707088,2021-07-06 14:07:06.070713,300,295,1.66,57.2,2.236,2.236,789.600,1333.430,9.580
1625594828.289706,2021-07-06 14:07:08.289710,301,296,1.71,57.7,2.219,2.219,786.400,1334.570,9.580
1625594830.4864762,2021-07-06 14:07:10.486481,302,297,1.63,58.3,2.197,2.197,798.000,1333.652,9.580
1625594832.6583233,2021-07-06 14:07:12.658327,303,298,1.53,58.9,2.172,2.172,839.400,1335.418,9.580
1625594834.848833,2021-07-06 14:07:14.848837,304,299,1.65,58.4,2.190,2.190,808.500,1336.098,9.580
1625594837.081454,2021-07-06 14:07:17.081459,305,300,1.63,57.3,2.232,2.232,764.100,1334.922,9.580
1625594839.3178377,2021-07-06 14:07:19.317842,306,301,1.69,57.2,2.236,2.236,796.400,1334.668,9.580
1625594841.5123649,2021-07-06 14:07:21.512370,307,302,1.57,58.3,2.194,2.194,831.200,1332.477,9.580
1625594843.6939945,2021-07-06 14:07:23.693998,308,303,1.67,58.7,2.181,2.181,847.100,1334.117,9.580
1625594845.904978,2021-07-06 14:07:25.904982,309,304,1.82,57.9,2.211,2.211,813.700,1335.645,9.580
1625594848.1775064,2021-07-06 14:07:28.177511,310,305,1.87,56.3,2.272,2.272,805.300,1336.582,9.580
1625594850.3938158,2021-07-06 14:07:30.393820,311,306,1.59,57.8,2.216,2.216,795.000,1337.105,9.580
1625594852.5690873,2021-07-06 14:07:32.569092,312,307,1.50,58.8,2.175,2.175,841.700,1338.828,9.580
1625594854.733016,2021-07-06 14:07:34.733021,313,308,1.67,59.2,2.164,2.164,841.500,1335.023,9.580
1625594856.9037604,2021-07-06 14:07:36.903765,314,309,1.73,59.0,2.171,2.171,831.500,1337.359,9.580
1625594859.1906211,2021-07-06 14:07:39.190626,315,310,1.69,56.0,2.287,2.287,811.200,1337.816,9.580
1625594861.4381795,2021-07-06 14:07:41.438183,316,311,1.53,57.0,2.247,2.247,801.800,1337.383,9.580
1625594863.6364462,2021-07-06 14:07:43.636450,317,312,1.60,58.2,2.198,2.198,821.600,1334.352,9.580
1625594865.779954,2021-07-06 14:07:45.779958,318,313,1.64,59.7,2.143,2.143,861.700,1332.477,9.580
1625594867.987297,2021-07-06 14:07:47.987301,319,314,1.63,58.0,2.207,2.207,831.800,1334.879,9.580
1625594870.2336051,2021-07-06 14:07:50.233609,320,315,1.68,57.0,2.246,2.246,812.400,1335.082,9.580
1625594872.4563706,2021-07-06 14:07:52.456374,321,316,1.61,57.6,2.223,2.223,804.900,1333.934,9.580
1625594874.6977253,2021-07-06 14:07:54.697729,322,317,1.74,57.1,2.241,2.241,818.700,1335.254,9.580
1625594876.8956034,2021-07-06 14:07:56.895609,323,318,1.53,58.2,2.198,2.198,820.800,1334.652,9.580
1625594879.1149,2021-07-06 14:07:59.114904,324,319,1.69,57.7,2.219,2.219,811.100,1335.758,9.580
1625594881.3435378,2021-07-06 14:08:01.343542,325,320,1.57,57.4,2.228,2.228,812.600,1334.473,9.580
1625594883.4900517,2021-07-06 14:08:03.490055,326,321,1.54,59.6,2.146,2.146,853.500,1337.012,9.580
1625594885.7233753,2021-07-06 14:08:05.723379,327,322,1.59,57.3,2.233,2.233,811.300,1336.039,9.580
1625594887.9535165,2021-07-06 14:08:07.953521,328,323,1.63,57.4,2.230,2.230,820.100,1338.637,9.580
1625594890.1803136,2021-07-06 14:08:10.180318,329,324,1.68,57.5,2.227,2.227,816.900,1337.371,9.580
1625594892.4187753,2021-07-06 14:08:12.418780,330,325,1.54,57.2,2.238,2.238,814.000,1334.836,9.580
1625594894.6499548,2021-07-06 14:08:14.649958,331,326,1.40,57.4,2.231,2.231,800.500,1337.059,9.580
1625594896.8255913,2021-07-06 14:08:16.825596,332,327,1.68,58.8,2.175,2.175,830.600,1336.285,9.580
1625594899.0286558,2021-07-06 14:08:19.028659,333,328,1.57,58.1,2.203,2.203,828.800,1334.445,9.580
1625594901.2428558,2021-07-06 14:08:21.242860,334,329,1.60,57.8,2.214,2.214,810.700,1336.559,9.580
1625594903.4672174,2021-07-06 14:08:23.467222,335,330,1.69,57.5,2.224,2.224,807.400,1336.797,9.580
1625594905.6322608,2021-07-06 14:08:25.632264,336,331,1.53,59.1,2.165,2.165,856.300,1334.910,9.580
1625594907.813702,2021-07-06 14:08:27.813706,337,332,1.71,58.7,2.181,2.181,838.000,1336.246,9.580
1625594910.0043123,2021-07-06 14:08:30.004316,338,333,1.66,58.4,2.190,2.190,824.000,1337.906,9.580
1625594912.2271461,2021-07-06 14:08:32.227150,339,334,1.78,57.6,2.223,2.223,808.000,1335.281,9.580
1625594914.4320164,2021-07-06 14:08:34.432021,340,335,1.60,58.1,2.205,2.205,822.300,1337.648,9.580
1625594916.6598809,2021-07-06 14:08:36.659884,341,336,1.65,57.5,2.228,2.228,806.100,1336.293,9.580
1625594918.846168,2021-07-06 14:08:38.846172,342,337,1.61,58.6,2.186,2.186,816.900,1334.391,9.580
1625594920.999725,2021-07-06 14:08:40.999730,343,338,1.59,59.4,2.153,2.153,840.500,1335.414,9.580
1625594923.194433,2021-07-06 14:08:43.194437,344,339,1.68,58.3,2.195,2.195,834.700,1336.383,9.580
1625594925.4218333,2021-07-06 14:08:45.421837,345,340,1.74,57.5,2.227,2.227,846.300,1333.848,9.580
1625594927.626706,2021-07-06 14:08:47.626710,346,341,1.67,58.1,2.205,2.205,816.800,1332.449,9.580
1625594929.955572,2021-07-06 14:08:49.955576,347,342,1.74,55.0,2.329,2.329,797.400,1334.086,9.580
1625594932.1480453,2021-07-06 14:08:52.148050,348,343,1.69,58.4,2.192,2.192,826.000,1332.961,9.580
1625594934.3589456,2021-07-06 14:08:54.358950,349,344,1.51,57.9,2.211,2.211,835.400,1335.832,9.580
1625594936.5589094,2021-07-06 14:08:56.558914,350,345,1.54,58.2,2.200,2.200,823.600,1335.652,9.580
1625594938.7394297,2021-07-06 14:08:58.739433,351,346,1.50,58.7,2.180,2.180,831.000,1336.129,9.580
1625594940.9717262,2021-07-06 14:09:00.971730,352,347,1.55,57.3,2.232,2.232,822.000,1335.816,9.580
1625594943.1735175,2021-07-06 14:09:03.173522,353,348,1.78,58.1,2.202,2.202,824.800,1335.359,9.580
1625594945.346203,2021-07-06 14:09:05.346207,354,349,1.44,58.9,2.173,2.173,839.500,1333.539,9.580
1625594947.5403929,2021-07-06 14:09:07.540397,355,350,1.43,58.3,2.194,2.194,811.200,1334.543,9.580
1625594949.7071197,2021-07-06 14:09:09.707123,356,351,1.54,59.1,2.167,2.167,830.700,1334.688,9.580
1625594951.948627,2021-07-06 14:09:11.948631,357,352,1.64,57.1,2.241,2.241,816.900,1335.355,9.580
1625594954.0799038,2021-07-06 14:09:14.079908,358,353,1.49,60.1,2.131,2.131,824.900,1334.570,9.580
1625594956.2378194,2021-07-06 14:09:16.237823,359,354,1.55,59.3,2.158,2.158,837.800,1331.281,9.580
1625594958.456461,2021-07-06 14:09:18.456466,360,355,1.45,57.7,2.218,2.218,829.300,1332.898,9.580
1625594960.6533153,2021-07-06 14:09:20.653320,361,356,1.62,58.3,2.197,2.197,825.700,1333.898,9.580
1625594962.8861277,2021-07-06 14:09:22.886132,362,357,1.54,57.3,2.233,2.233,816.900,1335.461,9.580
1625594965.0527608,2021-07-06 14:09:25.052765,363,358,1.74,59.1,2.166,2.166,835.900,1334.445,9.580
1625594967.2728865,2021-07-06 14:09:27.272890,364,359,1.62,57.7,2.220,2.220,827.000,1333.773,9.580
1625594969.4494207,2021-07-06 14:09:29.449425,365,360,1.51,58.8,2.176,2.176,839.400,1333.812,9.580
1625594971.6093178,2021-07-06 14:09:31.609323,366,361,1.59,59.3,2.160,2.160,848.600,1336.504,9.580
1625594973.8903208,2021-07-06 14:09:33.890325,367,362,1.68,56.1,2.281,2.281,800.500,1334.879,9.580
1625594976.1135101,2021-07-06 14:09:36.113515,368,363,1.46,57.6,2.223,2.223,772.300,1333.613,9.580
1625594978.3181958,2021-07-06 14:09:38.318201,369,364,1.38,58.1,2.204,2.204,823.700,1334.336,9.580
1625594980.5050087,2021-07-06 14:09:40.505014,370,365,1.49,58.5,2.187,2.187,812.200,1335.059,9.580
1625594982.6452684,2021-07-06 14:09:42.645275,371,366,1.54,59.8,2.140,2.140,841.500,1337.301,9.580
1625594984.8774529,2021-07-06 14:09:44.877457,372,367,1.58,57.3,2.232,2.232,814.400,1335.805,9.580
1625594987.074596,2021-07-06 14:09:47.074600,373,368,1.62,58.3,2.197,2.197,820.600,1335.613,9.580
1625594989.2597742,2021-07-06 14:09:49.259778,374,369,1.66,58.6,2.185,2.185,850.800,1332.586,9.580
1625594991.4350264,2021-07-06 14:09:51.435031,375,370,1.71,58.8,2.175,2.175,811.400,1334.969,9.580
1625594993.5801842,2021-07-06 14:09:53.580188,376,371,1.44,59.7,2.145,2.145,844.700,1334.277,9.580
1625594995.8605545,2021-07-06 14:09:55.860558,377,372,1.52,56.1,2.280,2.280,824.400,1337.086,9.580
1625594998.0476289,2021-07-06 14:09:58.047633,378,373,1.46,58.5,2.187,2.187,823.900,1337.270,9.580
1625595000.346589,2021-07-06 14:10:00.346598,379,374,1.48,55.7,2.299,2.299,815.200,1334.020,9.580
1625595002.4320126,2021-07-06 14:10:02.432017,380,375,1.49,61.4,2.085,2.085,861.600,1333.684,9.580
1625595004.5760024,2021-07-06 14:10:04.576006,381,376,1.52,59.7,2.144,2.144,853.100,1333.973,9.580
1625595006.8268323,2021-07-06 14:10:06.826836,382,377,1.53,56.9,2.251,2.251,811.300,1334.910,9.580
1625595009.0029047,2021-07-06 14:10:09.002908,383,378,1.53,58.8,2.176,2.176,836.800,1335.695,9.580
1625595011.1619976,2021-07-06 14:10:11.162001,384,379,1.50,59.3,2.159,2.159,842.000,1332.723,9.580
1625595013.3431609,2021-07-06 14:10:13.343164,385,380,1.67,58.7,2.181,2.181,842.200,1334.020,9.580
1625595015.5426204,2021-07-06 14:10:15.542624,386,381,1.57,58.2,2.199,2.199,822.500,1336.680,9.580
1625595017.7398577,2021-07-06 14:10:17.739861,387,382,1.52,58.3,2.197,2.197,818.800,1334.367,9.580
1625595019.8975282,2021-07-06 14:10:19.897533,388,383,1.52,59.3,2.158,2.158,841.200,1336.395,9.580
1625595022.0786736,2021-07-06 14:10:22.078682,389,384,1.45,58.7,2.181,2.181,830.400,1333.938,9.580
1625595024.2657692,2021-07-06 14:10:24.265772,390,385,1.67,58.5,2.187,2.187,809.200,1335.730,9.580
1625595026.4295988,2021-07-06 14:10:26.429602,391,386,1.55,59.2,2.164,2.164,818.500,1332.742,9.580
1625595028.645808,2021-07-06 14:10:28.645812,392,387,1.48,57.8,2.216,2.216,796.800,1334.941,9.580
1625595030.8273256,2021-07-06 14:10:30.827330,393,388,1.56,58.7,2.181,2.181,824.700,1332.355,9.580
1625595033.049645,2021-07-06 14:10:33.049649,394,389,1.58,57.6,2.222,2.222,823.000,1333.867,9.580
1625595035.358025,2021-07-06 14:10:35.358029,395,390,1.56,55.5,2.308,2.308,817.000,1334.852,9.580
1625595037.5339117,2021-07-06 14:10:37.533916,396,391,1.68,58.8,2.176,2.176,822.600,1334.020,9.580
1625595039.708711,2021-07-06 14:10:39.708716,397,392,1.55,58.9,2.175,2.175,817.600,1333.676,9.580
1625595041.8774,2021-07-06 14:10:41.877404,398,393,1.34,59.0,2.168,2.168,829.100,1335.086,9.580
1625595044.087195,2021-07-06 14:10:44.087199,399,394,1.44,57.9,2.210,2.210,823.600,1337.492,9.580
1625595046.3224685,2021-07-06 14:10:46.322473,400,395,1.49,57.3,2.235,2.235,827.200,1337.000,9.580
1625595048.5205278,2021-07-06 14:10:48.520532,401,396,1.53,58.2,2.198,2.198,792.500,1338.344,9.580
1625595050.7291772,2021-07-06 14:10:50.729181,402,397,1.66,58.0,2.208,2.208,808.600,1335.422,9.580
1625595052.9807105,2021-07-06 14:10:52.980715,403,398,1.50,56.9,2.251,2.251,790.600,1337.891,9.580
1625595055.1692638,2021-07-06 14:10:55.169267,404,399,1.51,58.5,2.188,2.188,841.600,1335.500,9.580
1625595057.4060223,2021-07-06 14:10:57.406028,405,400,1.63,57.2,2.237,2.237,814.600,1337.473,9.580
1625595059.5132797,2021-07-06 14:10:59.513284,406,401,1.55,60.8,2.107,2.107,848.900,1338.406,9.580
1625595061.7614117,2021-07-06 14:11:01.761416,407,402,1.44,56.9,2.248,2.248,802.500,1337.488,9.580
1625595063.9943023,2021-07-06 14:11:03.994306,408,403,1.43,57.3,2.233,2.233,810.600,1336.230,9.580
1625595066.165605,2021-07-06 14:11:06.165610,409,404,1.50,59.0,2.171,2.171,835.500,1336.512,9.580
1625595068.3748457,2021-07-06 14:11:08.374850,410,405,1.39,57.9,2.209,2.209,824.200,1336.066,9.580
1625595070.5726025,2021-07-06 14:11:10.572607,411,406,1.39,58.2,2.198,2.198,835.400,1336.227,9.580
1625595072.7979596,2021-07-06 14:11:12.797966,412,407,1.53,57.5,2.225,2.225,799.500,1334.516,9.580
1625595074.9941568,2021-07-06 14:11:14.994161,413,408,1.44,58.3,2.196,2.196,819.600,1335.293,9.580
1625595077.2199357,2021-07-06 14:11:17.219944,414,409,1.52,57.5,2.226,2.226,820.500,1334.938,9.580
1625595079.3911655,2021-07-06 14:11:19.391169,415,410,1.53,59.0,2.171,2.171,829.900,1333.855,9.580
1625595081.5383065,2021-07-06 14:11:21.538311,416,411,1.69,59.6,2.147,2.147,839.700,1335.977,9.580
1625595083.8141003,2021-07-06 14:11:23.814104,417,412,1.70,56.2,2.276,2.276,794.400,1337.438,9.580
1625595085.9877954,2021-07-06 14:11:25.987800,418,413,1.48,58.9,2.173,2.173,833.600,1335.801,9.580
1625595088.217345,2021-07-06 14:11:28.217350,419,414,1.42,57.4,2.229,2.229,821.300,1334.969,9.580
1625595090.4177172,2021-07-06 14:11:30.417721,420,415,1.55,58.2,2.200,2.200,824.400,1334.883,9.580
1625595092.569235,2021-07-06 14:11:32.569239,421,416,1.80,59.5,2.151,2.151,836.600,1337.086,9.580
1625595094.7768624,2021-07-06 14:11:34.776866,422,417,1.54,58.0,2.207,2.207,797.700,1336.480,9.580
1625595096.9729488,2021-07-06 14:11:36.972953,423,418,1.58,58.3,2.196,2.196,827.400,1338.219,9.580
1625595099.150898,2021-07-06 14:11:39.150902,424,419,1.42,58.8,2.178,2.178,840.700,1337.309,9.580
1625595101.4022868,2021-07-06 14:11:41.402291,425,420,1.54,56.9,2.251,2.251,815.100,1336.145,9.580
1625595103.5903995,2021-07-06 14:11:43.590403,426,421,1.35,58.5,2.188,2.188,816.700,1338.367,9.580
1625595105.7717292,2021-07-06 14:11:45.771733,427,422,1.46,58.7,2.181,2.181,817.400,1336.809,9.580
1625595107.9909356,2021-07-06 14:11:47.990940,428,423,1.56,57.7,2.219,2.219,787.200,1337.176,9.580
1625595110.1785984,2021-07-06 14:11:50.178604,429,424,1.61,58.5,2.187,2.187,838.800,1335.473,9.580
1625595112.4396677,2021-07-06 14:11:52.439673,430,425,1.69,56.6,2.261,2.261,819.500,1335.164,9.580
1625595114.5854697,2021-07-06 14:11:54.585475,431,426,1.61,59.7,2.146,2.146,844.900,1334.164,9.580
1625595116.842277,2021-07-06 14:11:56.842283,432,427,1.52,56.7,2.257,2.257,802.500,1334.062,9.580
1625595118.9948883,2021-07-06 14:11:58.994892,433,428,1.41,59.7,2.144,2.144,848.700,1333.949,9.580
1625595121.1981618,2021-07-06 14:12:01.198166,434,429,1.47,58.1,2.203,2.203,833.300,1333.531,9.580
1625595123.4754627,2021-07-06 14:12:03.475467,435,430,1.42,56.2,2.277,2.277,800.100,1336.457,9.580
1625595125.6728196,2021-07-06 14:12:05.672823,436,431,1.35,58.3,2.197,2.197,813.300,1335.422,9.580
1625595127.8756368,2021-07-06 14:12:07.875645,437,432,1.36,58.1,2.203,2.203,828.500,1336.391,9.580
1625595130.085153,2021-07-06 14:12:10.085157,438,433,1.39,57.9,2.209,2.209,819.600,1331.961,9.580
1625595132.212386,2021-07-06 14:12:12.212390,439,434,1.52,60.2,2.127,2.127,855.100,1335.254,9.580
1625595134.467933,2021-07-06 14:12:14.467937,440,435,1.34,56.8,2.255,2.255,814.000,1336.309,9.580
1625595136.7003605,2021-07-06 14:12:16.700364,441,436,1.56,57.3,2.232,2.232,815.300,1334.070,9.580
1625595138.9750907,2021-07-06 14:12:18.975098,442,437,1.48,56.3,2.275,2.275,813.800,1332.949,9.580
1625595141.1204503,2021-07-06 14:12:21.120454,443,438,1.39,59.7,2.145,2.145,818.400,1335.055,9.580
1625595143.2362316,2021-07-06 14:12:23.236236,444,439,1.74,60.5,2.116,2.116,855.500,1335.832,9.580
1625595145.4440362,2021-07-06 14:12:25.444041,445,440,1.36,58.0,2.208,2.208,821.200,1337.652,9.580
1625595147.6392677,2021-07-06 14:12:27.639271,446,441,1.43,58.3,2.195,2.195,816.800,1338.980,9.580
1625595149.8789039,2021-07-06 14:12:29.878908,447,442,1.38,57.2,2.239,2.239,810.000,1336.246,9.580
1625595152.0939898,2021-07-06 14:12:32.093994,448,443,1.54,57.8,2.215,2.215,804.900,1336.645,9.580
1625595154.2635276,2021-07-06 14:12:34.263532,449,444,1.47,59.0,2.169,2.169,822.800,1336.758,9.580
1625595156.511223,2021-07-06 14:12:36.511227,450,445,1.43,57.0,2.248,2.248,812.800,1334.926,9.580
1625595158.7188177,2021-07-06 14:12:38.718822,451,446,1.51,58.0,2.207,2.207,811.300,1337.203,9.580
1625595160.9334533,2021-07-06 14:12:40.933458,452,447,1.59,57.8,2.214,2.214,843.000,1338.094,9.580
1625595163.1126435,2021-07-06 14:12:43.112649,453,448,1.46,58.7,2.179,2.179,829.700,1336.711,9.580
1625595165.294996,2021-07-06 14:12:45.295001,454,449,1.55,58.7,2.182,2.182,828.000,1337.336,9.580
1625595167.5304437,2021-07-06 14:12:47.530448,455,450,1.57,57.3,2.235,2.235,814.100,1338.270,9.580
1625595169.7679954,2021-07-06 14:12:49.768000,456,451,1.45,57.2,2.237,2.237,818.300,1336.762,9.580
1625595171.9654193,2021-07-06 14:12:51.965423,457,452,1.33,58.3,2.197,2.197,851.000,1333.832,9.580
1625595174.1489875,2021-07-06 14:12:54.148992,458,453,1.36,58.6,2.183,2.183,825.700,1335.129,9.580
1625595176.37537,2021-07-06 14:12:56.375374,459,454,1.45,57.5,2.226,2.226,795.000,1334.641,9.580
1625595178.6683385,2021-07-06 14:12:58.668343,460,455,1.54,55.8,2.293,2.293,799.800,1336.695,9.580
1625595180.846378,2021-07-06 14:13:00.846383,461,456,1.57,58.8,2.178,2.178,820.900,1334.125,9.580
1625595183.1177673,2021-07-06 14:13:03.117776,462,457,1.54,56.4,2.271,2.271,804.000,1334.375,9.580
1625595185.2912774,2021-07-06 14:13:05.291282,463,458,1.47,59.1,2.166,2.166,818.000,1336.555,9.580
1625595187.428689,2021-07-06 14:13:07.428695,464,459,1.47,59.9,2.137,2.137,859.000,1338.848,9.580
1625595189.6563842,2021-07-06 14:13:09.656388,465,460,1.46,57.5,2.227,2.227,816.900,1338.641,9.580
1625595191.8053956,2021-07-06 14:13:11.805399,466,461,1.41,59.6,2.149,2.149,827.400,1336.406,9.580
1625595194.0343451,2021-07-06 14:13:14.034349,467,462,1.46,57.4,2.229,2.229,804.000,1335.695,9.580
1625595196.2150059,2021-07-06 14:13:16.215010,468,463,1.47,58.7,2.180,2.180,839.700,1335.859,9.580
1625595198.3639696,2021-07-06 14:13:18.363973,469,464,1.42,59.6,2.149,2.149,853.900,1336.578,9.580
1625595200.5688932,2021-07-06 14:13:20.568897,470,465,1.37,58.1,2.205,2.205,817.300,1332.129,9.580
1625595202.7590907,2021-07-06 14:13:22.759095,471,466,1.38,58.4,2.190,2.190,821.400,1332.812,9.580
1625595204.982088,2021-07-06 14:13:24.982093,472,467,1.39,57.6,2.223,2.223,815.600,1334.637,9.580
1625595207.1867607,2021-07-06 14:13:27.186766,473,468,1.34,58.1,2.204,2.204,835.100,1334.051,9.580
1625595209.3454351,2021-07-06 14:13:29.345440,474,469,1.44,59.3,2.158,2.158,829.600,1335.215,9.580
1625595211.6237273,2021-07-06 14:13:31.623731,475,470,1.30,56.2,2.278,2.278,792.700,1336.406,9.580
1625595213.8536787,2021-07-06 14:13:33.853682,476,471,1.43,57.4,2.230,2.230,810.300,1334.926,9.580
1625595216.034265,2021-07-06 14:13:36.034270,477,472,1.29,58.7,2.180,2.180,819.000,1336.012,9.580
1625595218.2705617,2021-07-06 14:13:38.270566,478,473,1.34,57.2,2.236,2.236,812.100,1336.430,9.580
1625595220.4800422,2021-07-06 14:13:40.480046,479,474,1.45,57.9,2.209,2.209,817.800,1334.707,9.580
1625595222.7563543,2021-07-06 14:13:42.756359,480,475,1.53,56.2,2.276,2.276,804.400,1334.844,9.580
1625595224.897735,2021-07-06 14:13:44.897739,481,476,1.22,59.8,2.141,2.141,836.900,1332.941,9.580
1625595227.0851686,2021-07-06 14:13:47.085173,482,477,1.44,58.5,2.187,2.187,835.200,1335.039,9.580
1625595229.2453215,2021-07-06 14:13:49.245325,483,478,1.45,59.3,2.160,2.160,851.800,1335.449,9.580
1625595231.3974762,2021-07-06 14:13:51.397481,484,479,1.38,59.5,2.152,2.152,836.400,1335.965,9.580
1625595233.6541727,2021-07-06 14:13:53.654177,485,480,1.43,56.7,2.257,2.257,799.800,1337.137,9.580
1625595235.8585935,2021-07-06 14:13:55.858597,486,481,1.57,58.1,2.204,2.204,820.600,1335.188,9.580
1625595238.0704138,2021-07-06 14:13:58.070418,487,482,1.33,57.9,2.212,2.212,840.900,1337.422,9.580
1625595240.3407862,2021-07-06 14:14:00.340790,488,483,1.45,56.4,2.270,2.270,815.300,1335.262,9.580
1625595242.5102472,2021-07-06 14:14:02.510251,489,484,1.48,59.0,2.169,2.169,841.700,1333.039,9.580
1625595244.6979215,2021-07-06 14:14:04.697925,490,485,1.41,58.5,2.188,2.188,815.500,1333.312,9.580
1625595246.848646,2021-07-06 14:14:06.848650,491,486,1.42,59.5,2.151,2.151,837.400,1332.090,9.580
1625595249.0365846,2021-07-06 14:14:09.036588,492,487,1.41,58.5,2.188,2.188,838.200,1334.191,9.580
1625595251.253058,2021-07-06 14:14:11.253062,493,488,1.24,57.8,2.216,2.216,814.800,1334.633,9.580
1625595253.4397852,2021-07-06 14:14:13.439790,494,489,1.13,58.5,2.187,2.187,819.000,1336.141,9.580
1625595255.6249056,2021-07-06 14:14:15.624909,495,490,1.36,58.6,2.185,2.185,805.400,1336.078,9.580
1625595257.804964,2021-07-06 14:14:17.804968,496,491,1.37,58.7,2.180,2.180,808.200,1336.219,9.580
1625595259.993331,2021-07-06 14:14:19.993336,497,492,1.27,58.5,2.188,2.188,839.000,1337.820,9.580
1625595262.1801467,2021-07-06 14:14:22.180151,498,493,1.33,58.5,2.187,2.187,860.200,1332.273,9.580
1625595264.3588324,2021-07-06 14:14:24.358836,499,494,1.49,58.8,2.178,2.178,828.500,1334.715,9.580
1625595266.6379144,2021-07-06 14:14:26.637918,500,495,1.45,56.2,2.279,2.279,815.200,1336.547,9.580
1625595268.826098,2021-07-06 14:14:28.826102,501,496,1.35,58.5,2.188,2.188,825.300,1335.555,9.580
1625595271.0173235,2021-07-06 14:14:31.017328,502,497,1.54,58.4,2.191,2.191,833.800,1336.625,9.580
1625595273.2012568,2021-07-06 14:14:33.201261,503,498,1.33,58.6,2.184,2.184,824.200,1336.098,9.580
1625595275.4024322,2021-07-06 14:14:35.402437,504,499,1.30,58.2,2.201,2.201,830.900,1335.402,9.580
1625595277.644348,2021-07-06 14:14:37.644352,505,500,1.40,57.1,2.242,2.242,800.600,1333.398,9.580
1625595279.8230228,2021-07-06 14:14:39.823030,506,501,1.47,58.8,2.179,2.179,834.500,1333.770,9.580
1625595282.0121174,2021-07-06 14:14:42.012122,507,502,1.35,58.5,2.189,2.189,826.300,1335.262,9.580
1625595284.1856248,2021-07-06 14:14:44.185629,508,503,1.19,58.9,2.173,2.173,831.400,1335.770,9.580
1625595286.3523333,2021-07-06 14:14:46.352337,509,504,1.58,59.1,2.167,2.167,831.200,1336.129,9.580
1625595288.6369114,2021-07-06 14:14:48.636917,510,505,1.34,56.0,2.284,2.284,803.700,1337.086,9.580
1625595290.8633053,2021-07-06 14:14:50.863309,511,506,1.42,57.5,2.226,2.226,801.300,1337.586,9.580
1625595293.1314614,2021-07-06 14:14:53.131465,512,507,1.30,56.4,2.268,2.268,806.800,1334.516,9.580
1625595295.3069382,2021-07-06 14:14:55.306942,513,508,1.43,58.8,2.175,2.175,837.100,1336.938,9.580
1625595297.4576795,2021-07-06 14:14:57.457692,514,509,1.36,59.5,2.151,2.151,837.100,1338.016,9.580
1625595299.6599538,2021-07-06 14:14:59.659958,515,510,1.29,58.1,2.202,2.202,830.800,1338.508,9.580
1625595301.8579977,2021-07-06 14:15:01.858002,516,511,1.20,58.2,2.198,2.198,822.600,1336.707,9.580
1625595304.0845256,2021-07-06 14:15:04.084529,517,512,1.42,57.5,2.226,2.226,818.800,1338.410,9.580
1625595306.266369,2021-07-06 14:15:06.266373,518,513,1.33,58.7,2.182,2.182,847.900,1336.871,9.580
1625595308.40995,2021-07-06 14:15:08.409953,519,514,1.29,59.7,2.143,2.143,838.800,1337.461,9.580
1625595310.5757911,2021-07-06 14:15:10.575795,520,515,1.31,59.1,2.166,2.166,858.300,1334.922,9.580
1625595312.7302947,2021-07-06 14:15:12.730298,521,516,1.42,59.4,2.154,2.154,836.800,1335.266,9.580
1625595314.9217596,2021-07-06 14:15:14.921763,522,517,1.37,58.4,2.191,2.191,808.600,1337.332,9.580
1625595317.0951,2021-07-06 14:15:17.095104,523,518,1.45,58.9,2.173,2.173,804.800,1338.500,9.580
1625595319.3130114,2021-07-06 14:15:19.313020,524,519,1.45,57.7,2.218,2.218,804.000,1337.449,9.580
1625595321.4673536,2021-07-06 14:15:21.467358,525,520,1.47,59.4,2.154,2.154,828.500,1335.566,9.580
1625595323.6165001,2021-07-06 14:15:23.616504,526,521,1.35,59.6,2.149,2.149,835.700,1333.809,9.580
1625595325.8196764,2021-07-06 14:15:25.819682,527,522,1.40,58.1,2.203,2.203,798.400,1333.496,9.580
1625595327.9994087,2021-07-06 14:15:27.999413,528,523,1.27,58.7,2.180,2.180,820.700,1337.309,9.580
1625595330.1475592,2021-07-06 14:15:30.147564,529,524,1.25,59.6,2.148,2.148,851.000,1334.570,9.580
1625595332.3537638,2021-07-06 14:15:32.353768,530,525,1.36,58.0,2.206,2.206,811.300,1334.574,9.580
1625595334.520437,2021-07-06 14:15:34.520442,531,526,1.39,59.1,2.167,2.167,834.000,1335.082,9.580
1625595336.7560651,2021-07-06 14:15:36.756069,532,527,1.60,57.3,2.235,2.235,814.100,1337.766,9.580
